# GTS-III agescale and ice origin from Salamatin (PICR2, 2009)
# Depth (m) age (kyr) origin (km)
0   0.000   0.000
1	0.015	0.029
2	0.030	0.060
3	0.046	0.092
4	0.063	0.126
5	0.080	0.160
6	0.098	0.196
7	0.117	0.233
8	0.136	0.272
9	0.155	0.311
10	0.176	0.352
11	0.196	0.393
12	0.218	0.436
13	0.240	0.480
14	0.262	0.525
15	0.285	0.570
16	0.308	0.617
17	0.332	0.665
18	0.356	0.714
19	0.381	0.764
20	0.407	0.814
21	0.432	0.866
22	0.458	0.918
23	0.485	0.972
24	0.512	1.026
25	0.540	1.081
26	0.568	1.137
27	0.596	1.193
28	0.625	1.251
29	0.654	1.309
30	0.683	1.368
31	0.713	1.428
32	0.743	1.488
33	0.774	1.550
34	0.805	1.611
35	0.836	1.674
36	0.867	1.737
37	0.899	1.801
38	0.932	1.866
39	0.964	1.931
40	0.997	1.997
41	1.031	2.061
42	1.064	2.125
43	1.098	2.190
44	1.133	2.255
45	1.168	2.321
46	1.202	2.388
47	1.238	2.455
48	1.273	2.522
49	1.309	2.590
50	1.345	2.659
51	1.381	2.728
52	1.418	2.798
53	1.455	2.868
54	1.492	2.938
55	1.529	3.009
56	1.567	3.080
57	1.604	3.152
58	1.642	3.225
59	1.681	3.297
60	1.719	3.370
61	1.758	3.444
62	1.797	3.518
63	1.836	3.592
64	1.875	3.667
65	1.915	3.742
66	1.954	3.818
67	1.994	3.893
68	2.034	3.966
69	2.074	4.037
70	2.115	4.110
71	2.155	4.182
72	2.196	4.255
73	2.237	4.328
74	2.278	4.402
75	2.319	4.475
76	2.360	4.550
77	2.402	4.624
78	2.443	4.699
79	2.485	4.774
80	2.527	4.849
81	2.569	4.924
82	2.612	5.000
83	2.654	5.076
84	2.697	5.153
85	2.740	5.229
86	2.782	5.306
87	2.826	5.383
88	2.869	5.460
89	2.912	5.538
90	2.956	5.616
91	2.999	5.694
92	3.042	5.766
93	3.086	5.838
94	3.129	5.911
95	3.173	5.984
96	3.217	6.057
97	3.260	6.130
98	3.304	6.203
99	3.348	6.277
100	3.393	6.350
101	3.437	6.424
102	3.481	6.498
103	3.526	6.573
104	3.570	6.647
105	3.615	6.722
106	3.660	6.797
107	3.705	6.872
108	3.750	6.947
109	3.795	7.022
110	3.841	7.098
111	3.886	7.173
112	3.931	7.249
113	3.977	7.325
114	4.022	7.398
115	4.067	7.466
116	4.112	7.535
117	4.157	7.604
118	4.203	7.673
119	4.248	7.743
120	4.293	7.812
121	4.339	7.882
122	4.385	7.952
123	4.430	8.021
124	4.476	8.091
125	4.522	8.161
126	4.568	8.232
127	4.614	8.302
128	4.660	8.372
129	4.706	8.443
130	4.752	8.514
131	4.799	8.584
132	4.845	8.655
133	4.892	8.726
134	4.938	8.798
135	4.985	8.869
136	5.031	8.934
137	5.077	8.997
138	5.122	9.060
139	5.168	9.123
140	5.214	9.186
141	5.260	9.249
142	5.306	9.312
143	5.353	9.375
144	5.399	9.439
145	5.445	9.502
146	5.492	9.566
147	5.538	9.629
148	5.585	9.693
149	5.631	9.757
150	5.678	9.821
151	5.724	9.885
152	5.771	9.949
153	5.818	10.013
154	5.865	10.077
155	5.912	10.142
156	5.959	10.206
157	6.006	10.269
158	6.052	10.324
159	6.097	10.379
160	6.143	10.434
161	6.190	10.489
162	6.236	10.544
163	6.282	10.600
164	6.328	10.655
165	6.374	10.710
166	6.421	10.766
167	6.467	10.821
168	6.513	10.877
169	6.560	10.932
170	6.606	10.988
171	6.653	11.044
172	6.700	11.099
173	6.746	11.155
174	6.793	11.211
175	6.840	11.267
176	6.887	11.323
177	6.933	11.379
178	6.980	11.435
179	7.027	11.485
180	7.072	11.532
181	7.118	11.578
182	7.163	11.624
183	7.209	11.670
184	7.255	11.716
185	7.301	11.763
186	7.347	11.809
187	7.393	11.855
188	7.439	11.902
189	7.485	11.948
190	7.531	11.995
191	7.577	12.041
192	7.623	12.088
193	7.669	12.135
194	7.715	12.181
195	7.762	12.228
196	7.808	12.275
197	7.854	12.322
198	7.901	12.369
199	7.947	12.416
200	7.994	12.463
201	8.039	12.501
202	8.084	12.538
203	8.129	12.574
204	8.174	12.611
205	8.219	12.648
206	8.264	12.685
207	8.310	12.722
208	8.355	12.759
209	8.400	12.796
210	8.445	12.833
211	8.491	12.870
212	8.536	12.908
213	8.582	12.945
214	8.627	12.982
215	8.673	13.019
216	8.718	13.056
217	8.764	13.094
218	8.809	13.131
219	8.855	13.168
220	8.901	13.206
221	8.947	13.243
222	8.992	13.281
223	9.037	13.316
224	9.081	13.351
225	9.125	13.386
226	9.169	13.421
227	9.214	13.456
228	9.258	13.491
229	9.302	13.527
230	9.347	13.562
231	9.391	13.597
232	9.436	13.632
233	9.480	13.668
234	9.525	13.703
235	9.569	13.738
236	9.614	13.774
237	9.658	13.809
238	9.703	13.844
239	9.748	13.880
240	9.792	13.915
241	9.837	13.951
242	9.882	13.986
243	9.927	14.022
244	9.972	14.058
245	10.017	14.095
246	10.062	14.136
247	10.107	14.177
248	10.152	14.219
249	10.197	14.260
250	10.242	14.301
251	10.288	14.342
252	10.333	14.384
253	10.378	14.425
254	10.424	14.466
255	10.469	14.508
256	10.515	14.549
257	10.560	14.590
258	10.606	14.632
259	10.651	14.673
260	10.697	14.715
261	10.742	14.757
262	10.788	14.798
263	10.834	14.840
264	10.879	14.881
265	10.925	14.923
266	10.971	14.965
267	11.018	15.010
268	11.067	15.062
269	11.116	15.114
270	11.165	15.165
271	11.215	15.217
272	11.264	15.269
273	11.313	15.321
274	11.363	15.373
275	11.412	15.425
276	11.461	15.477
277	11.511	15.529
278	11.560	15.581
279	11.610	15.633
280	11.659	15.685
281	11.709	15.737
282	11.759	15.790
283	11.808	15.842
284	11.858	15.894
285	11.908	15.946
286	11.958	15.999
287	12.009	16.053
288	12.065	16.117
289	12.122	16.182
290	12.179	16.246
291	12.235	16.311
292	12.292	16.375
293	12.349	16.440
294	12.406	16.504
295	12.463	16.569
296	12.520	16.634
297	12.577	16.699
298	12.634	16.763
299	12.691	16.828
300	12.748	16.893
301	12.805	16.958
302	12.863	17.023
303	12.920	17.088
304	12.977	17.153
305	13.040	17.225
306	13.107	17.302
307	13.174	17.379
308	13.241	17.455
309	13.308	17.532
310	13.375	17.609
311	13.443	17.686
312	13.510	17.763
313	13.577	17.840
314	13.645	17.917
315	13.712	17.994
316	13.779	18.072
317	13.847	18.149
318	13.914	18.226
319	13.982	18.304
320	14.057	18.387
321	14.135	18.472
322	14.213	18.557
323	14.291	18.643
324	14.369	18.728
325	14.447	18.813
326	14.525	18.899
327	14.603	18.985
328	14.681	19.070
329	14.760	19.156
330	14.838	19.242
331	14.917	19.328
332	14.995	19.414
333	15.081	19.508
334	15.167	19.604
335	15.253	19.700
336	15.340	19.795
337	15.426	19.891
338	15.513	19.987
339	15.599	20.083
340	15.686	20.179
341	15.773	20.275
342	15.860	20.371
343	15.947	20.467
344	16.036	20.566
345	16.130	20.670
346	16.223	20.774
347	16.317	20.878
348	16.411	20.982
349	16.504	21.086
350	16.598	21.191
351	16.692	21.295
352	16.786	21.400
353	16.880	21.504
354	16.975	21.609
355	17.072	21.717
356	17.171	21.827
357	17.269	21.936
358	17.368	22.046
359	17.467	22.156
360	17.566	22.266
361	17.665	22.376
362	17.764	22.486
363	17.864	22.596
364	17.963	22.707
365	18.064	22.820
366	18.166	22.934
367	18.269	23.049
368	18.371	23.164
369	18.473	23.278
370	18.576	23.393
371	18.678	23.508
372	18.781	23.623
373	18.884	23.739
374	18.987	23.854
375	19.091	23.972
376	19.196	24.091
377	19.301	24.209
378	19.406	24.328
379	19.512	24.447
380	19.617	24.566
381	19.722	24.685
382	19.828	24.804
383	19.933	24.923
384	20.039	25.043
385	20.146	25.164
386	20.253	25.285
387	20.360	25.406
388	20.467	25.527
389	20.574	25.649
390	20.681	25.770
391	20.788	25.892
392	20.896	26.014
393	21.003	26.135
394	21.111	26.257
395	21.218	26.379
396	21.326	26.502
397	21.433	26.624
398	21.541	26.746
399	21.649	26.869
400	21.757	26.991
401	21.865	27.114
402	21.974	27.237
403	22.081	27.359
404	22.189	27.482
405	22.296	27.604
406	22.404	27.726
407	22.512	27.849
408	22.619	27.972
409	22.727	28.095
410	22.835	28.217
411	22.943	28.341
412	23.051	28.463
413	23.158	28.585
414	23.265	28.707
415	23.372	28.829
416	23.479	28.951
417	23.586	29.073
418	23.693	29.195
419	23.801	29.318
420	23.908	29.440
421	24.015	29.563
422	24.121	29.684
423	24.227	29.805
424	24.333	29.927
425	24.439	30.048
426	24.545	30.170
427	24.652	30.292
428	24.758	30.414
429	24.864	30.536
430	24.971	30.658
431	25.076	30.779
432	25.181	30.900
433	25.287	31.021
434	25.392	31.143
435	25.497	31.264
436	25.603	31.386
437	25.708	31.507
438	25.814	31.629
439	25.920	31.751
440	26.025	31.872
441	26.130	31.993
442	26.234	32.114
443	26.339	32.236
444	26.444	32.357
445	26.549	32.478
446	26.653	32.600
447	26.758	32.721
448	26.864	32.843
449	26.969	32.965
450	27.073	33.086
451	27.177	33.207
452	27.281	33.328
453	27.385	33.449
454	27.489	33.570
455	27.593	33.692
456	27.698	33.813
457	27.802	33.935
458	27.906	34.056
459	28.011	34.178
460	28.114	34.298
461	28.217	34.419
462	28.321	34.540
463	28.424	34.661
464	28.527	34.782
465	28.631	34.903
466	28.735	35.024
467	28.838	35.145
468	28.942	35.267
469	29.045	35.388
470	29.148	35.508
471	29.250	35.628
472	29.352	35.748
473	29.455	35.868
474	29.558	35.989
475	29.660	36.109
476	29.763	36.230
477	29.866	36.351
478	29.969	36.471
479	30.070	36.592
480	30.171	36.712
481	30.272	36.832
482	30.373	36.952
483	30.474	37.073
484	30.576	37.193
485	30.677	37.313
486	30.778	37.434
487	30.879	37.554
488	30.981	37.675
489	31.080	37.796
490	31.180	37.917
491	31.279	38.037
492	31.378	38.158
493	31.478	38.279
494	31.577	38.400
495	31.676	38.521
496	31.776	38.642
497	31.875	38.763
498	31.975	38.884
499	32.072	39.005
500	32.170	39.127
501	32.267	39.249
502	32.364	39.370
503	32.461	39.492
504	32.558	39.614
505	32.655	39.735
506	32.752	39.857
507	32.849	39.978
508	32.946	40.100
509	33.041	40.222
510	33.136	40.345
511	33.231	40.468
512	33.325	40.591
513	33.420	40.713
514	33.514	40.836
515	33.608	40.958
516	33.703	41.081
517	33.797	41.203
518	33.891	41.326
519	33.985	41.448
520	34.078	41.572
521	34.171	41.697
522	34.264	41.822
523	34.357	41.946
524	34.449	42.071
525	34.542	42.195
526	34.634	42.320
527	34.727	42.444
528	34.819	42.568
529	34.912	42.692
530	35.004	42.816
531	35.094	42.943
532	35.185	43.069
533	35.276	43.195
534	35.366	43.322
535	35.456	43.448
536	35.547	43.574
537	35.637	43.700
538	35.727	43.825
539	35.817	43.951
540	35.907	44.077
541	35.997	44.202
542	36.085	44.330
543	36.173	44.457
544	36.262	44.585
545	36.349	44.712
546	36.437	44.839
547	36.525	44.966
548	36.613	45.093
549	36.700	45.220
550	36.788	45.347
551	36.875	45.473
552	36.963	45.600
553	37.049	45.727
554	37.135	45.854
555	37.220	45.981
556	37.306	46.108
557	37.391	46.235
558	37.476	46.361
559	37.562	46.488
560	37.647	46.614
561	37.732	46.741
562	37.817	46.867
563	37.902	46.993
564	37.987	47.119
565	38.070	47.246
566	38.153	47.373
567	38.236	47.499
568	38.319	47.626
569	38.402	47.753
570	38.485	47.879
571	38.568	48.006
572	38.651	48.132
573	38.733	48.258
574	38.816	48.384
575	38.899	48.511
576	38.981	48.637
577	39.063	48.763
578	39.144	48.890
579	39.225	49.017
580	39.306	49.143
581	39.387	49.270
582	39.468	49.396
583	39.549	49.523
584	39.630	49.649
585	39.711	49.775
586	39.791	49.901
587	39.872	50.028
588	39.953	50.154
589	40.033	50.280
590	40.112	50.407
591	40.192	50.535
592	40.271	50.662
593	40.351	50.789
594	40.430	50.916
595	40.509	51.043
596	40.589	51.170
597	40.668	51.297
598	40.747	51.424
599	40.826	51.551
600	40.905	51.678
601	40.985	51.804
602	41.062	51.932
603	41.139	52.060
604	41.217	52.188
605	41.294	52.316
606	41.371	52.444
607	41.448	52.572
608	41.525	52.699
609	41.602	52.827
610	41.679	52.955
611	41.756	53.083
612	41.833	53.210
613	41.910	53.338
614	41.987	53.466
615	42.063	53.595
616	42.139	53.724
617	42.214	53.854
618	42.289	53.983
619	42.365	54.112
620	42.440	54.241
621	42.516	54.371
622	42.591	54.500
623	42.666	54.629
624	42.742	54.758
625	42.817	54.888
626	42.893	55.017
627	42.968	55.146
628	43.043	55.277
629	43.117	55.408
630	43.190	55.539
631	43.264	55.671
632	43.338	55.802
633	43.412	55.934
634	43.486	56.065
635	43.560	56.196
636	43.634	56.328
637	43.708	56.459
638	43.782	56.591
639	43.856	56.722
640	43.930	56.853
641	44.004	56.985
642	44.075	57.119
643	44.147	57.252
644	44.218	57.386
645	44.289	57.520
646	44.361	57.654
647	44.432	57.787
648	44.503	57.921
649	44.575	58.055
650	44.646	58.189
651	44.718	58.323
652	44.789	58.457
653	44.861	58.591
654	44.932	58.725
655	45.004	58.860
656	45.073	58.996
657	45.142	59.133
658	45.211	59.269
659	45.280	59.406
660	45.349	59.543
661	45.419	59.680
662	45.488	59.816
663	45.557	59.953
664	45.627	60.090
665	45.696	60.228
666	45.766	60.365
667	45.835	60.502
668	45.905	60.639
669	45.974	60.777
670	46.043	60.916
671	46.112	61.056
672	46.180	61.196
673	46.249	61.336
674	46.318	61.476
675	46.387	61.616
676	46.455	61.756
677	46.524	61.897
678	46.593	62.037
679	46.662	62.178
680	46.731	62.319
681	46.800	62.460
682	46.870	62.601
683	46.939	62.742
684	47.008	62.883
685	47.078	63.025
686	47.149	63.166
687	47.219	63.308
688	47.290	63.450
689	47.360	63.592
690	47.431	63.734
691	47.502	63.876
692	47.572	64.019
693	47.643	64.161
694	47.714	64.303
695	47.785	64.446
696	47.856	64.589
697	47.927	64.732
698	47.998	64.875
699	48.069	65.015
700	48.141	65.156
701	48.213	65.297
702	48.285	65.438
703	48.357	65.579
704	48.429	65.720
705	48.501	65.861
706	48.573	66.003
707	48.645	66.144
708	48.717	66.286
709	48.789	66.428
710	48.861	66.569
711	48.934	66.711
712	49.006	66.853
713	49.077	66.989
714	49.148	67.126
715	49.219	67.263
716	49.291	67.400
717	49.362	67.537
718	49.433	67.674
719	49.505	67.811
720	49.576	67.948
721	49.648	68.085
722	49.719	68.223
723	49.791	68.360
724	49.863	68.498
725	49.934	68.636
726	50.006	68.773
727	50.075	68.902
728	50.145	69.031
729	50.215	69.160
730	50.284	69.289
731	50.354	69.418
732	50.424	69.547
733	50.493	69.676
734	50.563	69.806
735	50.633	69.936
736	50.703	70.065
737	50.773	70.195
738	50.843	70.325
739	50.913	70.455
740	50.983	70.585
741	51.053	70.708
742	51.121	70.828
743	51.190	70.949
744	51.259	71.070
745	51.328	71.191
746	51.397	71.312
747	51.467	71.433
748	51.536	71.554
749	51.605	71.676
750	51.674	71.797
751	51.744	71.918
752	51.813	72.040
753	51.882	72.162
754	51.952	72.283
755	52.022	72.405
756	52.093	72.524
757	52.164	72.643
758	52.235	72.763
759	52.306	72.883
760	52.377	73.003
761	52.449	73.122
762	52.520	73.242
763	52.591	73.362
764	52.663	73.483
765	52.734	73.603
766	52.806	73.723
767	52.877	73.843
768	52.949	73.964
769	53.021	74.085
770	53.095	74.206
771	53.169	74.328
772	53.243	74.450
773	53.317	74.571
774	53.391	74.693
775	53.466	74.815
776	53.540	74.937
777	53.614	75.059
778	53.688	75.182
779	53.763	75.304
780	53.837	75.426
781	53.912	75.549
782	53.986	75.671
783	54.061	75.794
784	54.137	75.916
785	54.213	76.038
786	54.288	76.161
787	54.364	76.284
788	54.440	76.406
789	54.516	76.529
790	54.592	76.652
791	54.667	76.775
792	54.743	76.898
793	54.820	77.021
794	54.896	77.144
795	54.972	77.268
796	55.047	77.388
797	55.122	77.508
798	55.197	77.628
799	55.272	77.747
800	55.347	77.867
801	55.422	77.987
802	55.497	78.107
803	55.572	78.227
804	55.647	78.347
805	55.722	78.467
806	55.797	78.587
807	55.873	78.708
808	55.948	78.828
809	56.023	78.948
810	56.098	79.068
811	56.173	79.187
812	56.248	79.307
813	56.323	79.427
814	56.398	79.546
815	56.474	79.666
816	56.549	79.786
817	56.624	79.906
818	56.699	80.026
819	56.775	80.147
820	56.850	80.267
821	56.926	80.387
822	57.001	80.508
823	57.077	80.630
824	57.153	80.753
825	57.229	80.876
826	57.305	80.998
827	57.381	81.121
828	57.457	81.244
829	57.533	81.367
830	57.609	81.490
831	57.685	81.613
832	57.762	81.737
833	57.838	81.860
834	57.915	81.983
835	57.991	82.107
836	58.068	82.234
837	58.146	82.362
838	58.223	82.490
839	58.300	82.618
840	58.378	82.747
841	58.456	82.875
842	58.533	83.003
843	58.611	83.132
844	58.689	83.261
845	58.767	83.389
846	58.844	83.518
847	58.922	83.647
848	59.000	83.776
849	59.080	83.911
850	59.160	84.047
851	59.239	84.182
852	59.319	84.318
853	59.399	84.453
854	59.479	84.589
855	59.559	84.725
856	59.639	84.861
857	59.719	84.997
858	59.799	85.133
859	59.879	85.269
860	59.959	85.406
861	60.041	85.545
862	60.123	85.687
863	60.206	85.828
864	60.289	85.971
865	60.372	86.113
866	60.455	86.255
867	60.538	86.398
868	60.621	86.540
869	60.704	86.683
870	60.787	86.825
871	60.870	86.968
872	60.954	87.111
873	61.039	87.256
874	61.125	87.404
875	61.211	87.552
876	61.298	87.700
877	61.385	87.848
878	61.471	87.997
879	61.558	88.145
880	61.645	88.294
881	61.732	88.442
882	61.819	88.591
883	61.906	88.740
884	61.993	88.889
885	62.082	89.042
886	62.172	89.195
887	62.262	89.348
888	62.352	89.501
889	62.442	89.655
890	62.532	89.809
891	62.622	89.963
892	62.712	90.116
893	62.802	90.270
894	62.893	90.425
895	62.983	90.579
896	63.075	90.736
897	63.167	90.894
898	63.259	91.053
899	63.351	91.211
900	63.443	91.369
901	63.536	91.528
902	63.628	91.687
903	63.720	91.845
904	63.813	92.004
905	63.905	92.164
906	63.998	92.323
907	64.091	92.485
908	64.183	92.648
909	64.276	92.810
910	64.369	92.973
911	64.461	93.136
912	64.554	93.299
913	64.647	93.462
914	64.740	93.625
915	64.833	93.789
916	64.926	93.952
917	65.020	94.117
918	65.112	94.283
919	65.205	94.449
920	65.297	94.615
921	65.390	94.781
922	65.483	94.948
923	65.576	95.114
924	65.669	95.281
925	65.762	95.448
926	65.855	95.615
927	65.948	95.782
928	66.041	95.950
929	66.134	96.118
930	66.227	96.287
931	66.320	96.456
932	66.412	96.625
933	66.505	96.794
934	66.598	96.963
935	66.691	97.133
936	66.785	97.302
937	66.878	97.472
938	66.971	97.642
939	67.064	97.812
940	67.157	97.983
941	67.250	98.154
942	67.343	98.324
943	67.436	98.495
944	67.529	98.667
945	67.622	98.838
946	67.715	99.009
947	67.809	99.181
948	67.902	99.353
949	67.996	99.525
950	68.088	99.696
951	68.181	99.868
952	68.273	100.039
953	68.366	100.211
954	68.459	100.383
955	68.552	100.555
956	68.644	100.727
957	68.737	100.900
958	68.830	101.072
959	68.924	101.245
960	69.017	101.417
961	69.109	101.589
962	69.202	101.760
963	69.295	101.932
964	69.387	102.104
965	69.480	102.276
966	69.573	102.448
967	69.666	102.621
968	69.759	102.793
969	69.852	102.966
970	69.946	103.139
971	70.039	103.311
972	70.131	103.482
973	70.224	103.654
974	70.316	103.825
975	70.409	103.997
976	70.502	104.169
977	70.595	104.341
978	70.687	104.513
979	70.780	104.685
980	70.874	104.858
981	70.967	105.030
982	71.059	105.201
983	71.151	105.371
984	71.243	105.540
985	71.335	105.710
986	71.427	105.881
987	71.519	106.051
988	71.612	106.221
989	71.704	106.392
990	71.796	106.562
991	71.889	106.733
992	71.981	106.904
993	72.072	107.072
994	72.163	107.239
995	72.253	107.406
996	72.344	107.573
997	72.435	107.740
998	72.526	107.908
999	72.616	108.076
1000	72.707	108.243
1001	72.798	108.411
1002	72.890	108.579
1003	72.981	108.748
1004	73.070	108.912
1005	73.159	109.075
1006	73.248	109.238
1007	73.336	109.401
1008	73.425	109.565
1009	73.514	109.729
1010	73.604	109.892
1011	73.693	110.056
1012	73.782	110.221
1013	73.871	110.385
1014	73.961	110.549
1015	74.049	110.710
1016	74.136	110.868
1017	74.223	111.026
1018	74.310	111.185
1019	74.397	111.343
1020	74.484	111.502
1021	74.572	111.660
1022	74.659	111.819
1023	74.747	111.978
1024	74.834	112.137
1025	74.922	112.297
1026	75.009	112.455
1027	75.095	112.606
1028	75.181	112.757
1029	75.267	112.909
1030	75.352	113.060
1031	75.438	113.212
1032	75.524	113.364
1033	75.610	113.516
1034	75.697	113.668
1035	75.783	113.820
1036	75.869	113.972
1037	75.955	114.124
1038	76.040	114.272
1039	76.124	114.414
1040	76.208	114.556
1041	76.292	114.699
1042	76.376	114.841
1043	76.460	114.984
1044	76.544	115.127
1045	76.628	115.270
1046	76.712	115.413
1047	76.797	115.556
1048	76.881	115.699
1049	76.965	115.842
1050	77.047	115.979
1051	77.127	116.110
1052	77.207	116.242
1053	77.286	116.373
1054	77.366	116.505
1055	77.446	116.637
1056	77.526	116.769
1057	77.606	116.901
1058	77.687	117.033
1059	77.767	117.165
1060	77.847	117.297
1061	77.927	117.430
1062	78.007	117.561
1063	78.083	117.681
1064	78.159	117.801
1065	78.235	117.922
1066	78.311	118.042
1067	78.388	118.162
1068	78.464	118.283
1069	78.540	118.403
1070	78.616	118.524
1071	78.693	118.645
1072	78.769	118.766
1073	78.846	118.887
1074	78.922	119.008
1075	78.999	119.129
1076	79.072	119.242
1077	79.145	119.355
1078	79.218	119.469
1079	79.291	119.582
1080	79.364	119.696
1081	79.437	119.809
1082	79.510	119.923
1083	79.583	120.037
1084	79.657	120.150
1085	79.730	120.264
1086	79.804	120.378
1087	79.877	120.493
1088	79.951	120.607
1089	80.024	120.720
1090	80.095	120.831
1091	80.167	120.943
1092	80.239	121.054
1093	80.310	121.165
1094	80.382	121.277
1095	80.454	121.389
1096	80.526	121.501
1097	80.598	121.612
1098	80.670	121.724
1099	80.742	121.836
1100	80.814	121.948
1101	80.887	122.061
1102	80.959	122.173
1103	81.032	122.286
1104	81.105	122.401
1105	81.179	122.516
1106	81.253	122.631
1107	81.327	122.745
1108	81.401	122.861
1109	81.475	122.976
1110	81.549	123.091
1111	81.623	123.206
1112	81.697	123.322
1113	81.771	123.437
1114	81.846	123.553
1115	81.920	123.668
1116	81.994	123.784
1117	82.072	123.907
1118	82.151	124.031
1119	82.229	124.155
1120	82.308	124.279
1121	82.387	124.403
1122	82.465	124.527
1123	82.544	124.651
1124	82.623	124.775
1125	82.702	124.900
1126	82.781	125.024
1127	82.860	125.149
1128	82.939	125.273
1129	83.019	125.400
1130	83.105	125.535
1131	83.190	125.670
1132	83.276	125.805
1133	83.361	125.939
1134	83.447	126.074
1135	83.532	126.210
1136	83.618	126.345
1137	83.704	126.480
1138	83.790	126.616
1139	83.876	126.751
1140	83.962	126.887
1141	84.051	127.027
1142	84.142	127.171
1143	84.234	127.314
1144	84.326	127.458
1145	84.417	127.602
1146	84.509	127.746
1147	84.601	127.891
1148	84.693	128.035
1149	84.785	128.179
1150	84.877	128.324
1151	84.969	128.469
1152	85.064	128.617
1153	85.159	128.767
1154	85.255	128.918
1155	85.350	129.068
1156	85.446	129.219
1157	85.542	129.370
1158	85.638	129.521
1159	85.734	129.672
1160	85.830	129.823
1161	85.926	129.975
1162	86.023	130.127
1163	86.120	130.280
1164	86.218	130.434
1165	86.316	130.588
1166	86.414	130.742
1167	86.512	130.896
1168	86.610	131.051
1169	86.708	131.205
1170	86.807	131.360
1171	86.905	131.515
1172	87.004	131.669
1173	87.102	131.823
1174	87.201	131.977
1175	87.299	132.132
1176	87.398	132.286
1177	87.497	132.441
1178	87.596	132.595
1179	87.695	132.750
1180	87.794	132.905
1181	87.894	133.060
1182	87.993	133.215
1183	88.091	133.367
1184	88.189	133.518
1185	88.287	133.670
1186	88.385	133.821
1187	88.483	133.973
1188	88.581	134.125
1189	88.679	134.277
1190	88.778	134.429
1191	88.876	134.582
1192	88.975	134.734
1193	89.070	134.881
1194	89.165	135.027
1195	89.260	135.172
1196	89.355	135.318
1197	89.449	135.464
1198	89.544	135.610
1199	89.639	135.756
1200	89.735	135.902
1201	89.830	136.049
1202	89.925	136.195
1203	90.019	136.340
1204	90.108	136.476
1205	90.196	136.613
1206	90.285	136.750
1207	90.374	136.888
1208	90.462	137.025
1209	90.551	137.162
1210	90.640	137.300
1211	90.729	137.438
1212	90.819	137.575
1213	90.908	137.713
1214	90.997	137.851
1215	91.079	137.981
1216	91.161	138.110
1217	91.244	138.240
1218	91.326	138.369
1219	91.408	138.499
1220	91.491	138.628
1221	91.573	138.758
1222	91.656	138.888
1223	91.738	139.018
1224	91.821	139.148
1225	91.904	139.279
1226	91.986	139.409
1227	92.064	139.533
1228	92.141	139.656
1229	92.218	139.779
1230	92.295	139.903
1231	92.372	140.026
1232	92.449	140.149
1233	92.527	140.273
1234	92.604	140.397
1235	92.681	140.520
1236	92.759	140.644
1237	92.836	140.768
1238	92.914	140.892
1239	92.991	141.016
1240	93.066	141.135
1241	93.140	141.253
1242	93.214	141.372
1243	93.288	141.490
1244	93.363	141.608
1245	93.437	141.727
1246	93.511	141.845
1247	93.586	141.964
1248	93.660	142.083
1249	93.735	142.202
1250	93.810	142.321
1251	93.885	142.440
1252	93.959	142.560
1253	94.034	142.677
1254	94.107	142.791
1255	94.181	142.906
1256	94.254	143.021
1257	94.328	143.136
1258	94.402	143.251
1259	94.476	143.366
1260	94.550	143.481
1261	94.624	143.596
1262	94.698	143.712
1263	94.772	143.827
1264	94.846	143.943
1265	94.921	144.058
1266	94.995	144.174
1267	95.068	144.287
1268	95.141	144.399
1269	95.214	144.512
1270	95.287	144.625
1271	95.360	144.738
1272	95.433	144.851
1273	95.507	144.964
1274	95.580	145.077
1275	95.653	145.190
1276	95.727	145.303
1277	95.800	145.417
1278	95.874	145.530
1279	95.948	145.644
1280	96.021	145.757
1281	96.093	145.869
1282	96.165	145.982
1283	96.238	146.094
1284	96.310	146.206
1285	96.383	146.319
1286	96.455	146.432
1287	96.528	146.544
1288	96.600	146.657
1289	96.673	146.770
1290	96.746	146.883
1291	96.819	146.996
1292	96.892	147.110
1293	96.965	147.223
1294	97.037	147.337
1295	97.109	147.451
1296	97.181	147.565
1297	97.254	147.679
1298	97.326	147.793
1299	97.398	147.908
1300	97.471	148.022
1301	97.543	148.137
1302	97.615	148.251
1303	97.688	148.366
1304	97.761	148.481
1305	97.833	148.596
1306	97.906	148.711
1307	97.979	148.826
1308	98.052	148.944
1309	98.125	149.062
1310	98.199	149.180
1311	98.272	149.299
1312	98.346	149.417
1313	98.419	149.536
1314	98.493	149.654
1315	98.566	149.773
1316	98.640	149.892
1317	98.714	150.011
1318	98.788	150.130
1319	98.862	150.250
1320	98.936	150.369
1321	99.010	150.489
1322	99.085	150.613
1323	99.161	150.737
1324	99.237	150.861
1325	99.313	150.985
1326	99.389	151.110
1327	99.465	151.234
1328	99.541	151.359
1329	99.617	151.484
1330	99.693	151.609
1331	99.770	151.734
1332	99.846	151.859
1333	99.923	151.984
1334	99.999	152.109
1335	100.076	152.240
1336	100.153	152.371
1337	100.230	152.501
1338	100.308	152.632
1339	100.385	152.764
1340	100.462	152.895
1341	100.540	153.026
1342	100.617	153.158
1343	100.695	153.289
1344	100.773	153.421
1345	100.850	153.553
1346	100.928	153.685
1347	101.006	153.818
1348	101.083	153.955
1349	101.161	154.093
1350	101.238	154.231
1351	101.315	154.369
1352	101.393	154.507
1353	101.470	154.646
1354	101.548	154.784
1355	101.626	154.923
1356	101.704	155.062
1357	101.781	155.201
1358	101.859	155.340
1359	101.937	155.479
1360	102.015	155.619
1361	102.092	155.762
1362	102.169	155.905
1363	102.246	156.049
1364	102.323	156.193
1365	102.400	156.336
1366	102.477	156.480
1367	102.554	156.624
1368	102.631	156.769
1369	102.708	156.913
1370	102.786	157.057
1371	102.863	157.202
1372	102.941	157.347
1373	103.017	157.492
1374	103.091	157.640
1375	103.164	157.787
1376	103.238	157.935
1377	103.311	158.083
1378	103.385	158.230
1379	103.459	158.378
1380	103.532	158.527
1381	103.606	158.675
1382	103.680	158.824
1383	103.754	158.972
1384	103.828	159.121
1385	103.903	159.270
1386	103.977	159.419
1387	104.049	159.569
1388	104.120	159.719
1389	104.191	159.870
1390	104.262	160.020
1391	104.333	160.171
1392	104.404	160.322
1393	104.475	160.473
1394	104.546	160.625
1395	104.618	160.776
1396	104.689	160.928
1397	104.761	161.079
1398	104.832	161.231
1399	104.904	161.383
1400	104.976	161.536
1401	105.045	161.687
1402	105.113	161.839
1403	105.181	161.990
1404	105.250	162.142
1405	105.318	162.294
1406	105.386	162.446
1407	105.455	162.598
1408	105.523	162.751
1409	105.592	162.903
1410	105.660	163.056
1411	105.729	163.209
1412	105.798	163.362
1413	105.867	163.515
1414	105.936	163.669
1415	106.005	163.822
1416	106.071	163.972
1417	106.137	164.123
1418	106.203	164.273
1419	106.270	164.424
1420	106.336	164.575
1421	106.403	164.726
1422	106.469	164.878
1423	106.536	165.029
1424	106.603	165.181
1425	106.670	165.333
1426	106.737	165.484
1427	106.803	165.637
1428	106.870	165.789
1429	106.938	165.941
1430	107.005	166.093
1431	107.072	166.241
1432	107.139	166.388
1433	107.206	166.536
1434	107.274	166.684
1435	107.341	166.832
1436	107.409	166.980
1437	107.476	167.128
1438	107.544	167.277
1439	107.612	167.426
1440	107.680	167.574
1441	107.747	167.723
1442	107.815	167.872
1443	107.883	168.022
1444	107.952	168.171
1445	108.019	168.319
1446	108.086	168.462
1447	108.152	168.605
1448	108.219	168.749
1449	108.286	168.892
1450	108.352	169.036
1451	108.419	169.180
1452	108.486	169.324
1453	108.553	169.468
1454	108.620	169.612
1455	108.687	169.757
1456	108.755	169.901
1457	108.822	170.046
1458	108.889	170.191
1459	108.957	170.336
1460	109.023	170.478
1461	109.087	170.615
1462	109.151	170.752
1463	109.215	170.889
1464	109.279	171.026
1465	109.343	171.163
1466	109.407	171.300
1467	109.471	171.438
1468	109.536	171.576
1469	109.600	171.714
1470	109.665	171.852
1471	109.729	171.990
1472	109.794	172.128
1473	109.859	172.266
1474	109.923	172.405
1475	109.988	172.544
1476	110.048	172.675
1477	110.108	172.805
1478	110.167	172.936
1479	110.227	173.066
1480	110.286	173.197
1481	110.346	173.327
1482	110.406	173.458
1483	110.465	173.589
1484	110.525	173.720
1485	110.585	173.851
1486	110.645	173.983
1487	110.705	174.114
1488	110.765	174.246
1489	110.825	174.378
1490	110.885	174.510
1491	110.946	174.642
1492	111.006	174.773
1493	111.064	174.896
1494	111.123	175.019
1495	111.182	175.143
1496	111.240	175.266
1497	111.299	175.390
1498	111.358	175.514
1499	111.417	175.638
1500	111.476	175.762
1501	111.535	175.886
1502	111.594	176.010
1503	111.653	176.135
1504	111.712	176.259
1505	111.772	176.384
1506	111.831	176.509
1507	111.891	176.634
1508	111.950	176.759
1509	112.010	176.883
1510	112.069	176.999
1511	112.129	177.115
1512	112.189	177.231
1513	112.248	177.348
1514	112.308	177.464
1515	112.368	177.581
1516	112.428	177.698
1517	112.488	177.815
1518	112.548	177.932
1519	112.609	178.049
1520	112.669	178.167
1521	112.729	178.284
1522	112.790	178.402
1523	112.850	178.519
1524	112.911	178.637
1525	112.971	178.755
1526	113.032	178.868
1527	113.092	178.978
1528	113.152	179.087
1529	113.213	179.197
1530	113.273	179.306
1531	113.334	179.416
1532	113.394	179.526
1533	113.455	179.636
1534	113.516	179.746
1535	113.576	179.856
1536	113.637	179.966
1537	113.698	180.077
1538	113.759	180.187
1539	113.820	180.298
1540	113.881	180.409
1541	113.943	180.520
1542	114.004	180.630
1543	114.063	180.732
1544	114.123	180.834
1545	114.182	180.936
1546	114.242	181.038
1547	114.302	181.140
1548	114.361	181.243
1549	114.421	181.345
1550	114.481	181.448
1551	114.541	181.551
1552	114.601	181.653
1553	114.661	181.756
1554	114.721	181.859
1555	114.781	181.963
1556	114.842	182.066
1557	114.902	182.169
1558	114.962	182.273
1559	115.022	182.373
1560	115.080	182.467
1561	115.138	182.562
1562	115.196	182.656
1563	115.254	182.751
1564	115.312	182.845
1565	115.370	182.940
1566	115.428	183.035
1567	115.487	183.130
1568	115.545	183.225
1569	115.603	183.321
1570	115.662	183.416
1571	115.721	183.511
1572	115.779	183.607
1573	115.838	183.703
1574	115.897	183.798
1575	115.956	183.894
1576	116.014	183.988
1577	116.070	184.074
1578	116.126	184.161
1579	116.182	184.248
1580	116.238	184.334
1581	116.295	184.421
1582	116.351	184.508
1583	116.408	184.595
1584	116.464	184.682
1585	116.521	184.769
1586	116.577	184.857
1587	116.634	184.944
1588	116.691	185.032
1589	116.748	185.119
1590	116.805	185.207
1591	116.862	185.295
1592	116.919	185.383
1593	116.976	185.471
1594	117.031	185.553
1595	117.085	185.632
1596	117.139	185.710
1597	117.192	185.789
1598	117.246	185.868
1599	117.301	185.947
1600	117.355	186.026
1601	117.409	186.105
1602	117.463	186.184
1603	117.517	186.263
1604	117.572	186.343
1605	117.626	186.422
1606	117.681	186.502
1607	117.735	186.581
1608	117.790	186.661
1609	117.844	186.741
1610	117.899	186.821
1611	117.954	186.901
1612	118.008	186.979
1613	118.059	187.050
1614	118.111	187.120
1615	118.162	187.191
1616	118.214	187.262
1617	118.265	187.333
1618	118.317	187.404
1619	118.368	187.475
1620	118.420	187.546
1621	118.472	187.618
1622	118.524	187.689
1623	118.576	187.760
1624	118.628	187.832
1625	118.680	187.903
1626	118.732	187.975
1627	118.784	188.047
1628	118.836	188.119
1629	118.888	188.190
1630	118.940	188.262
1631	118.993	188.334
1632	119.042	188.398
1633	119.090	188.460
1634	119.139	188.523
1635	119.188	188.585
1636	119.237	188.648
1637	119.286	188.710
1638	119.334	188.773
1639	119.383	188.836
1640	119.433	188.899
1641	119.482	188.962
1642	119.531	189.025
1643	119.580	189.088
1644	119.629	189.151
1645	119.678	189.214
1646	119.728	189.277
1647	119.777	189.340
1648	119.827	189.404
1649	119.876	189.467
1650	119.926	189.531
1651	119.975	189.594
1652	120.023	189.653
1653	120.069	189.707
1654	120.115	189.762
1655	120.160	189.816
1656	120.206	189.870
1657	120.252	189.925
1658	120.298	189.980
1659	120.344	190.034
1660	120.390	190.089
1661	120.437	190.144
1662	120.483	190.198
1663	120.529	190.253
1664	120.575	190.308
1665	120.622	190.363
1666	120.668	190.418
1667	120.715	190.473
1668	120.761	190.528
1669	120.808	190.584
1670	120.854	190.639
1671	120.901	190.694
1672	120.948	190.750
1673	120.994	190.805
1674	121.038	190.854
1675	121.082	190.901
1676	121.125	190.949
1677	121.169	190.997
1678	121.213	191.044
1679	121.256	191.092
1680	121.300	191.140
1681	121.344	191.188
1682	121.388	191.236
1683	121.432	191.284
1684	121.476	191.332
1685	121.520	191.381
1686	121.564	191.429
1687	121.608	191.477
1688	121.652	191.525
1689	121.696	191.574
1690	121.740	191.622
1691	121.785	191.671
1692	121.829	191.719
1693	121.873	191.768
1694	121.918	191.816
1695	121.962	191.865
1696	122.006	191.913
1697	122.048	191.955
1698	122.090	191.997
1699	122.132	192.040
1700	122.174	192.082
1701	122.216	192.125
1702	122.258	192.167
1703	122.300	192.209
1704	122.343	192.252
1705	122.385	192.295
1706	122.427	192.337
1707	122.470	192.380
1708	122.512	192.423
1709	122.554	192.465
1710	122.597	192.508
1711	122.639	192.551
1712	122.682	192.594
1713	122.725	192.637
1714	122.767	192.680
1715	122.810	192.723
1716	122.853	192.766
1717	122.896	192.809
1718	122.938	192.853
1719	122.981	192.896
1720	123.023	192.936
1721	123.064	192.974
1722	123.105	193.012
1723	123.146	193.050
1724	123.187	193.088
1725	123.228	193.127
1726	123.269	193.165
1727	123.310	193.203
1728	123.351	193.241
1729	123.392	193.280
1730	123.434	193.318
1731	123.475	193.356
1732	123.516	193.395
1733	123.558	193.433
1734	123.599	193.472
1735	123.641	193.510
1736	123.682	193.549
1737	123.724	193.588
1738	123.765	193.626
1739	123.807	193.665
1740	123.849	193.704
1741	123.890	193.743
1742	123.932	193.782
1743	123.974	193.821
1744	124.015	193.858
1745	124.056	193.893
1746	124.096	193.928
1747	124.137	193.963
1748	124.177	193.998
1749	124.218	194.033
1750	124.258	194.068
1751	124.299	194.103
1752	124.340	194.138
1753	124.380	194.173
1754	124.421	194.209
1755	124.462	194.244
1756	124.503	194.279
1757	124.544	194.315
1758	124.585	194.350
1759	124.626	194.385
1760	124.667	194.421
1761	124.708	194.456
1762	124.749	194.492
1763	124.790	194.527
1764	124.831	194.563
1765	124.873	194.599
1766	124.914	194.634
1767	124.955	194.670
1768	124.997	194.706
1769	125.037	194.739
1770	125.078	194.772
1771	125.119	194.805
1772	125.159	194.838
1773	125.200	194.870
1774	125.241	194.903
1775	125.282	194.937
1776	125.323	194.970
1777	125.363	195.003
1778	125.404	195.036
1779	125.445	195.069
1780	125.486	195.102
1781	125.528	195.135
1782	125.569	195.169
1783	125.610	195.202
1784	125.651	195.235
1785	125.692	195.269
1786	125.734	195.302
1787	125.775	195.336
1788	125.817	195.369
1789	125.858	195.403
1790	125.900	195.436
1791	125.941	195.470
1792	125.983	195.503
1793	126.024	195.536
1794	126.065	195.568
1795	126.106	195.599
1796	126.148	195.631
1797	126.189	195.663
1798	126.230	195.695
1799	126.272	195.726
1800	126.313	195.758
1801	126.355	195.790
1802	126.396	195.822
1803	126.438	195.854
1804	126.479	195.886
1805	126.521	195.918
1806	126.563	195.950
1807	126.605	195.982
1808	126.646	196.014
1809	126.688	196.046
1810	126.730	196.079
1811	126.772	196.111
1812	126.814	196.143
1813	126.856	196.176
1814	126.898	196.208
1815	126.941	196.240
1816	126.983	196.273
1817	127.025	196.304
1818	127.067	196.336
1819	127.110	196.367
1820	127.152	196.398
1821	127.195	196.429
1822	127.237	196.461
1823	127.280	196.492
1824	127.322	196.524
1825	127.365	196.555
1826	127.408	196.586
1827	127.450	196.618
1828	127.493	196.649
1829	127.536	196.681
1830	127.579	196.713
1831	127.622	196.744
1832	127.665	196.776
1833	127.708	196.808
1834	127.751	196.840
1835	127.794	196.871
1836	127.837	196.903
1837	127.881	196.935
1838	127.924	196.967
1839	127.967	196.999
1840	128.011	197.031
1841	128.055	197.062
1842	128.099	197.094
1843	128.143	197.125
1844	128.188	197.157
1845	128.232	197.188
1846	128.277	197.220
1847	128.321	197.251
1848	128.366	197.283
1849	128.410	197.315
1850	128.455	197.347
1851	128.500	197.378
1852	128.544	197.410
1853	128.589	197.442
1854	128.634	197.474
1855	128.679	197.506
1856	128.724	197.538
1857	128.769	197.570
1858	128.814	197.602
1859	128.859	197.634
1860	128.904	197.666
1861	128.950	197.698
1862	128.995	197.730
1863	129.041	197.765
1864	129.088	197.800
1865	129.135	197.835
1866	129.182	197.871
1867	129.230	197.906
1868	129.277	197.941
1869	129.324	197.976
1870	129.371	198.012
1871	129.418	198.047
1872	129.466	198.083
1873	129.513	198.118
1874	129.561	198.154
1875	129.608	198.189
1876	129.656	198.225
1877	129.703	198.261
1878	129.751	198.296
1879	129.799	198.332
1880	129.847	198.368
1881	129.895	198.404
1882	129.943	198.440
1883	129.991	198.475
1884	130.042	198.516
1885	130.094	198.558
1886	130.147	198.599
1887	130.199	198.641
1888	130.252	198.683
1889	130.304	198.725
1890	130.357	198.767
1891	130.410	198.809
1892	130.463	198.851
1893	130.516	198.893
1894	130.569	198.935
1895	130.622	198.977
1896	130.675	199.020
1897	130.728	199.062
1898	130.781	199.104
1899	130.834	199.147
1900	130.888	199.189
1901	130.941	199.232
1902	130.994	199.274
1903	131.055	199.324
1904	131.117	199.374
1905	131.179	199.424
1906	131.241	199.475
1907	131.304	199.525
1908	131.366	199.576
1909	131.428	199.627
1910	131.491	199.677
1911	131.553	199.728
1912	131.616	199.779
1913	131.678	199.830
1914	131.741	199.881
1915	131.804	199.932
1916	131.867	199.983
1917	131.930	200.034
1918	131.993	200.085
1919	132.067	200.142
1920	132.142	200.199
1921	132.218	200.256
1922	132.294	200.313
1923	132.370	200.371
1924	132.446	200.428
1925	132.523	200.486
1926	132.599	200.543
1927	132.675	200.601
1928	132.752	200.659
1929	132.828	200.716
1930	132.905	200.774
1931	132.982	200.832
1932	133.068	200.894
1933	133.157	200.957
1934	133.246	201.021
1935	133.335	201.084
1936	133.424	201.148
1937	133.514	201.211
1938	133.603	201.275
1939	133.693	201.339
1940	133.782	201.402
1941	133.872	201.466
1942	133.962	201.530
1943	134.057	201.597
1944	134.157	201.666
1945	134.256	201.736
1946	134.356	201.805
1947	134.455	201.874
1948	134.555	201.944
1949	134.655	202.014
1950	134.755	202.083
1951	134.855	202.153
1952	134.956	202.223
1953	135.060	202.295
1954	135.168	202.369
1955	135.276	202.443
1956	135.384	202.517
1957	135.492	202.592
1958	135.600	202.666
1959	135.709	202.741
1960	135.818	202.815
1961	135.926	202.890
1962	136.037	202.966
1963	136.151	203.044
1964	136.265	203.123
1965	136.379	203.201
1966	136.493	203.280
1967	136.607	203.359
1968	136.722	203.438
1969	136.837	203.517
1970	136.952	203.596
1971	137.068	203.677
1972	137.187	203.759
1973	137.306	203.841
1974	137.425	203.923
1975	137.544	204.006
1976	137.663	204.088
1977	137.782	204.171
1978	137.902	204.254
1979	138.022	204.337
1980	138.144	204.422
1981	138.266	204.506
1982	138.388	204.591
1983	138.510	204.676
1984	138.632	204.762
1985	138.755	204.847
1986	138.878	204.932
1987	139.001	205.018
1988	139.124	205.104
1989	139.248	205.191
1990	139.372	205.278
1991	139.496	205.365
1992	139.621	205.452
1993	139.745	205.539
1994	139.870	205.627
1995	139.995	205.714
1996	140.120	205.801
1997	140.245	205.889
1998	140.370	205.976
1999	140.496	206.064
2000	140.621	206.152
2001	140.747	206.240
2002	140.873	206.328
2003	140.999	206.416
2004	141.124	206.504
2005	141.249	206.591
2006	141.374	206.678
2007	141.499	206.766
2008	141.625	206.854
2009	141.751	206.942
2010	141.877	207.029
2011	142.003	207.117
2012	142.127	207.203
2013	142.251	207.290
2014	142.375	207.376
2015	142.500	207.462
2016	142.624	207.549
2017	142.749	207.635
2018	142.874	207.722
2019	142.999	207.809
2020	143.121	207.893
2021	143.244	207.978
2022	143.366	208.063
2023	143.488	208.148
2024	143.611	208.233
2025	143.734	208.318
2026	143.857	208.403
2027	143.980	208.488
2028	144.101	208.572
2029	144.221	208.655
2030	144.341	208.738
2031	144.462	208.821
2032	144.582	208.905
2033	144.703	208.988
2034	144.824	209.072
2035	144.945	209.156
2036	145.065	209.238
2037	145.183	209.320
2038	145.302	209.402
2039	145.420	209.484
2040	145.539	209.565
2041	145.658	209.648
2042	145.777	209.730
2043	145.896	209.812
2044	146.015	209.894
2045	146.132	209.974
2046	146.249	210.055
2047	146.366	210.135
2048	146.483	210.216
2049	146.600	210.297
2050	146.717	210.378
2051	146.835	210.459
2052	146.953	210.540
2053	147.069	210.620
2054	147.185	210.699
2055	147.300	210.778
2056	147.416	210.858
2057	147.532	210.937
2058	147.649	211.017
2059	147.765	211.097
2060	147.882	211.176
2061	147.998	211.256
2062	148.113	211.334
2063	148.228	211.413
2064	148.343	211.491
2065	148.458	211.570
2066	148.574	211.648
2067	148.689	211.727
2068	148.805	211.806
2069	148.921	211.885
2070	149.036	211.963
2071	149.150	212.041
2072	149.265	212.118
2073	149.379	212.196
2074	149.494	212.273
2075	149.609	212.351
2076	149.724	212.429
2077	149.839	212.507
2078	149.954	212.585
2079	150.069	212.662
2080	150.183	212.739
2081	150.297	212.816
2082	150.411	212.893
2083	150.525	212.970
2084	150.640	213.047
2085	150.754	213.124
2086	150.869	213.201
2087	150.984	213.279
2088	151.098	213.355
2089	151.212	213.431
2090	151.325	213.507
2091	151.439	213.584
2092	151.554	213.660
2093	151.668	213.737
2094	151.782	213.814
2095	151.897	213.890
2096	152.012	213.967
2097	152.125	214.043
2098	152.239	214.119
2099	152.353	214.195
2100	152.466	214.272
2101	152.581	214.348
2102	152.695	214.425
2103	152.809	214.501
2104	152.924	214.578
2105	153.038	214.655
2106	153.152	214.731
2107	153.266	214.807
2108	153.380	214.883
2109	153.494	214.959
2110	153.608	215.036
2111	153.722	215.112
2112	153.837	215.189
2113	153.952	215.266
2114	154.066	215.342
2115	154.180	215.419
2116	154.294	215.495
2117	154.408	215.572
2118	154.522	215.648
2119	154.637	215.725
2120	154.751	215.802
2121	154.866	215.879
2122	154.981	215.956
2123	155.095	216.033
2124	155.209	216.110
2125	155.324	216.187
2126	155.438	216.264
2127	155.553	216.341
2128	155.668	216.418
2129	155.783	216.495
2130	155.898	216.573
2131	156.013	216.650
2132	156.128	216.727
2133	156.243	216.805
2134	156.357	216.882
2135	156.473	216.960
2136	156.588	217.037
2137	156.703	217.115
2138	156.819	217.193
2139	156.935	217.271
2140	157.050	217.349
2141	157.165	217.427
2142	157.281	217.505
2143	157.397	217.583
2144	157.512	217.661
2145	157.628	217.740
2146	157.745	217.818
2147	157.861	217.897
2148	157.977	217.976
2149	158.094	218.055
2150	158.210	218.134
2151	158.326	218.213
2152	158.443	218.293
2153	158.560	218.372
2154	158.677	218.452
2155	158.794	218.531
2156	158.911	218.611
2157	159.029	218.691
2158	159.146	218.772
2159	159.264	218.852
2160	159.381	218.933
2161	159.499	219.014
2162	159.617	219.095
2163	159.735	219.176
2164	159.854	219.257
2165	159.972	219.338
2166	160.091	219.420
2167	160.210	219.502
2168	160.329	219.584
2169	160.448	219.666
2170	160.567	219.749
2171	160.687	219.831
2172	160.806	219.914
2173	160.926	219.996
2174	161.047	220.080
2175	161.167	220.163
2176	161.288	220.247
2177	161.409	220.331
2178	161.530	220.415
2179	161.651	220.499
2180	161.772	220.584
2181	161.894	220.668
2182	162.016	220.753
2183	162.138	220.838
2184	162.260	220.924
2185	162.383	221.009
2186	162.506	221.095
2187	162.629	221.180
2188	162.752	221.266
2189	162.876	221.352
2190	162.999	221.438
2191	163.123	221.525
2192	163.247	221.611
2193	163.372	221.698
2194	163.496	221.785
2195	163.621	221.872
2196	163.746	221.959
2197	163.871	222.046
2198	163.996	222.133
2199	164.121	222.221
2200	164.246	222.308
2201	164.372	222.396
2202	164.497	222.483
2203	164.623	222.571
2204	164.749	222.659
2205	164.876	222.747
2206	165.002	222.836
2207	165.128	222.924
2208	165.254	223.012
2209	165.381	223.100
2210	165.507	223.189
2211	165.634	223.277
2212	165.761	223.366
2213	165.888	223.455
2214	166.015	223.544
2215	166.142	223.632
2216	166.268	223.721
2217	166.395	223.809
2218	166.522	223.898
2219	166.649	223.987
2220	166.776	224.075
2221	166.904	224.165
2222	167.031	224.253
2223	167.158	224.341
2224	167.284	224.429
2225	167.411	224.517
2226	167.538	224.606
2227	167.665	224.694
2228	167.793	224.783
2229	167.920	224.871
2230	168.047	224.960
2231	168.173	225.047
2232	168.299	225.134
2233	168.425	225.222
2234	168.552	225.309
2235	168.679	225.397
2236	168.806	225.485
2237	168.933	225.573
2238	169.059	225.660
2239	169.184	225.746
2240	169.309	225.833
2241	169.434	225.919
2242	169.560	226.006
2243	169.685	226.093
2244	169.811	226.180
2245	169.937	226.267
2246	170.062	226.353
2247	170.186	226.438
2248	170.310	226.524
2249	170.433	226.609
2250	170.558	226.695
2251	170.682	226.781
2252	170.807	226.867
2253	170.931	226.953
2254	171.055	227.037
2255	171.178	227.122
2256	171.300	227.207
2257	171.423	227.292
2258	171.547	227.377
2259	171.670	227.463
2260	171.794	227.548
2261	171.917	227.634
2262	172.041	227.719
2263	172.163	227.804
2264	172.285	227.889
2265	172.408	227.974
2266	172.530	228.060
2267	172.653	228.145
2268	172.776	228.231
2269	172.900	228.316
2270	173.023	228.402
2271	173.145	228.488
2272	173.267	228.573
2273	173.390	228.659
2274	173.513	228.744
2275	173.636	228.830
2276	173.759	228.916
2277	173.882	229.002
2278	174.006	229.089
2279	174.128	229.175
2280	174.251	229.261
2281	174.374	229.348
2282	174.498	229.434
2283	174.621	229.521
2284	174.745	229.608
2285	174.869	229.695
2286	174.993	229.782
2287	175.117	229.870
2288	175.241	229.958
2289	175.365	230.045
2290	175.489	230.134
2291	175.613	230.222
2292	175.738	230.310
2293	175.863	230.399
2294	175.988	230.487
2295	176.114	230.575
2296	176.239	230.664
2297	176.365	230.753
2298	176.491	230.843
2299	176.617	230.932
2300	176.743	231.022
2301	176.870	231.111
2302	176.996	231.201
2303	177.124	231.292
2304	177.251	231.382
2305	177.379	231.473
2306	177.507	231.564
2307	177.635	231.655
2308	177.763	231.746
2309	177.892	231.837
2310	178.021	231.929
2311	178.150	232.021
2312	178.280	232.114
2313	178.411	232.206
2314	178.541	232.299
2315	178.672	232.392
2316	178.803	232.486
2317	178.934	232.579
2318	179.066	232.673
2319	179.198	232.768
2320	179.331	232.863
2321	179.464	232.959
2322	179.598	233.054
2323	179.731	233.150
2324	179.865	233.246
2325	179.999	233.342
2326	180.135	233.439
2327	180.271	233.537
2328	180.407	233.635
2329	180.543	233.733
2330	180.680	233.832
2331	180.817	233.930
2332	180.954	234.029
2333	181.092	234.129
2334	181.231	234.229
2335	181.370	234.329
2336	181.509	234.430
2337	181.649	234.531
2338	181.789	234.632
2339	181.929	234.733
2340	182.069	234.835
2341	182.211	234.938
2342	182.352	235.041
2343	182.494	235.144
2344	182.636	235.247
2345	182.779	235.350
2346	182.921	235.454
2347	183.064	235.558
2348	183.208	235.663
2349	183.352	235.768
2350	183.496	235.873
2351	183.640	235.979
2352	183.784	236.084
2353	183.929	236.190
2354	184.074	236.297
2355	184.219	236.404
2356	184.365	236.511
2357	184.511	236.619
2358	184.657	236.727
2359	184.803	236.834
2360	184.950	236.943
2361	185.096	237.051
2362	185.242	237.160
2363	185.389	237.270
2364	185.536	237.379
2365	185.683	237.489
2366	185.831	237.599
2367	185.979	237.710
2368	186.126	237.820
2369	186.273	237.931
2370	186.421	238.043
2371	186.569	238.154
2372	186.717	238.266
2373	186.865	238.378
2374	187.014	238.490
2375	187.161	238.602
2376	187.309	238.715
2377	187.457	238.827
2378	187.605	238.940
2379	187.753	239.054
2380	187.902	239.167
2381	188.051	239.281
2382	188.198	239.394
2383	188.346	239.508
2384	188.493	239.622
2385	188.642	239.736
2386	188.790	239.851
2387	188.939	239.965
2388	189.087	240.080
2389	189.233	240.194
2390	189.380	240.309
2391	189.528	240.424
2392	189.676	240.539
2393	189.824	240.654
2394	189.972	240.770
2395	190.118	240.885
2396	190.264	240.999
2397	190.410	241.114
2398	190.556	241.230
2399	190.703	241.345
2400	190.850	241.460
2401	190.997	241.576
2402	191.142	241.691
2403	191.286	241.805
2404	191.431	241.920
2405	191.575	242.034
2406	191.721	242.150
2407	191.866	242.265
2408	192.012	242.380
2409	192.154	242.493
2410	192.296	242.606
2411	192.439	242.720
2412	192.582	242.833
2413	192.725	242.947
2414	192.869	243.061
2415	193.012	243.175
2416	193.152	243.287
2417	193.292	243.398
2418	193.433	243.510
2419	193.573	243.622
2420	193.714	243.735
2421	193.856	243.847
2422	193.997	243.960
2423	194.134	244.070
2424	194.272	244.179
2425	194.410	244.289
2426	194.548	244.399
2427	194.686	244.509
2428	194.825	244.619
2429	194.964	244.730
2430	195.099	244.837
2431	195.234	244.944
2432	195.368	245.051
2433	195.504	245.158
2434	195.639	245.265
2435	195.774	245.373
2436	195.910	245.479
2437	196.045	245.586
2438	196.176	245.689
2439	196.307	245.792
2440	196.439	245.896
2441	196.571	246.000
2442	196.703	246.104
2443	196.836	246.208
2444	196.968	246.312
2445	197.097	246.412
2446	197.224	246.511
2447	197.352	246.609
2448	197.480	246.708
2449	197.608	246.807
2450	197.737	246.906
2451	197.866	247.005
2452	197.995	247.105
2453	198.118	247.197
2454	198.241	247.289
2455	198.365	247.382
2456	198.488	247.474
2457	198.612	247.567
2458	198.736	247.660
2459	198.861	247.753
2460	198.985	247.846
2461	199.104	247.931
2462	199.221	248.015
2463	199.339	248.099
2464	199.458	248.184
2465	199.576	248.268
2466	199.695	248.353
2467	199.814	248.438
2468	199.933	248.523
2469	200.049	248.604
2470	200.160	248.681
2471	200.271	248.757
2472	200.383	248.834
2473	200.495	248.911
2474	200.607	248.988
2475	200.719	249.065
2476	200.832	249.143
2477	200.945	249.221
2478	201.054	249.295
2479	201.160	249.367
2480	201.267	249.439
2481	201.373	249.512
2482	201.480	249.584
2483	201.587	249.657
2484	201.694	249.729
2485	201.802	249.803
2486	201.909	249.876
2487	202.016	249.949
2488	202.120	250.019
2489	202.224	250.089
2490	202.328	250.159
2491	202.432	250.229
2492	202.537	250.300
2493	202.642	250.370
2494	202.747	250.441
2495	202.852	250.512
2496	202.958	250.583
2497	203.062	250.654
2498	203.166	250.724
2499	203.270	250.795
2500	203.375	250.865
2501	203.479	250.937
2502	203.584	251.008
2503	203.689	251.079
2504	203.794	251.150
2505	203.900	251.222
2506	204.005	251.294
2507	204.112	251.367
2508	204.218	251.440
2509	204.325	251.513
2510	204.432	251.587
2511	204.539	251.660
2512	204.646	251.734
2513	204.754	251.808
2514	204.862	251.882
2515	204.970	251.956
2516	205.080	252.033
2517	205.191	252.110
2518	205.303	252.188
2519	205.414	252.266
2520	205.526	252.345
2521	205.638	252.423
2522	205.751	252.502
2523	205.863	252.580
2524	205.976	252.659
2525	206.093	252.741
2526	206.211	252.823
2527	206.329	252.905
2528	206.447	252.987
2529	206.566	253.070
2530	206.685	253.153
2531	206.804	253.236
2532	206.924	253.319
2533	207.045	253.403
2534	207.168	253.488
2535	207.293	253.573
2536	207.417	253.658
2537	207.542	253.744
2538	207.667	253.829
2539	207.792	253.915
2540	207.917	254.001
2541	208.044	254.088
2542	208.171	254.174
2543	208.299	254.261
2544	208.427	254.346
2545	208.555	254.433
2546	208.684	254.520
2547	208.813	254.608
2548	208.942	254.695
2549	209.071	254.782
2550	209.201	254.868
2551	209.330	254.954
2552	209.460	255.040
2553	209.591	255.127
2554	209.721	255.213
2555	209.852	255.300
2556	209.983	255.387
2557	210.113	255.470
2558	210.242	255.554
2559	210.371	255.637
2560	210.501	255.721
2561	210.631	255.804
2562	210.761	255.888
2563	210.892	255.972
2564	211.022	256.056
2565	211.149	256.133
2566	211.275	256.211
2567	211.402	256.289
2568	211.530	256.367
2569	211.657	256.446
2570	211.785	256.524
2571	211.914	256.603
2572	212.040	256.679
2573	212.162	256.747
2574	212.284	256.816
2575	212.406	256.885
2576	212.529	256.954
2577	212.652	257.023
2578	212.775	257.092
2579	212.899	257.162
2580	213.021	257.229
2581	213.135	257.288
2582	213.250	257.347
2583	213.364	257.406
2584	213.479	257.466
2585	213.595	257.525
2586	213.710	257.585
2587	213.826	257.644
2588	213.942	257.704
2589	214.054	257.760
2590	214.160	257.812
2591	214.267	257.864
2592	214.374	257.917
2593	214.482	257.969
2594	214.589	258.022
2595	214.697	258.075
2596	214.806	258.128
2597	214.914	258.181
2598	215.021	258.233
2599	215.123	258.281
2600	215.225	258.329
2601	215.328	258.377
2602	215.431	258.426
2603	215.533	258.475
2604	215.636	258.524
2605	215.740	258.572
2606	215.843	258.620
2607	215.947	258.669
2608	216.049	258.717
2609	216.150	258.763
2610	216.250	258.809
2611	216.351	258.855
2612	216.452	258.902
2613	216.553	258.949
2614	216.655	258.996
2615	216.756	259.043
2616	216.858	259.090
2617	216.961	259.137
2618	217.062	259.183
2619	217.164	259.229
2620	217.266	259.276
2621	217.368	259.322
2622	217.470	259.368
2623	217.573	259.415
2624	217.675	259.462
2625	217.778	259.508
2626	217.882	259.555
2627	217.985	259.601
2628	218.090	259.649
2629	218.196	259.696
2630	218.301	259.744
2631	218.407	259.791
2632	218.514	259.839
2633	218.620	259.887
2634	218.727	259.935
2635	218.834	259.984
2636	218.941	260.032
2637	219.051	260.081
2638	219.163	260.131
2639	219.275	260.181
2640	219.388	260.232
2641	219.501	260.282
2642	219.614	260.333
2643	219.728	260.383
2644	219.841	260.434
2645	219.955	260.485
2646	220.074	260.538
2647	220.196	260.592
2648	220.317	260.646
2649	220.439	260.701
2650	220.562	260.755
2651	220.685	260.810
2652	220.808	260.864
2653	220.931	260.919
2654	221.059	260.976
2655	221.192	261.035
2656	221.325	261.095
2657	221.459	261.154
2658	221.593	261.214
2659	221.728	261.274
2660	221.862	261.334
2661	221.998	261.394
2662	222.145	261.458
2663	222.292	261.523
2664	222.440	261.589
2665	222.588	261.654
2666	222.737	261.720
2667	222.886	261.786
2668	223.038	261.853
2669	223.200	261.924
2670	223.363	261.996
2671	223.526	262.067
2672	223.690	262.139
2673	223.853	262.211
2674	224.019	262.283
2675	224.195	262.359
2676	224.371	262.435
2677	224.548	262.512
2678	224.726	262.589
2679	224.904	262.667
2680	225.086	262.746
2681	225.274	262.828
2682	225.463	262.911
2683	225.653	262.993
2684	225.842	263.076
2685	226.034	263.159
2686	226.232	263.247
2687	226.431	263.334
2688	226.631	263.421
2689	226.831	263.509
2690	227.032	263.598
2691	227.240	263.690
2692	227.448	263.782
2693	227.656	263.874
2694	227.865	263.966
2695	228.076	264.060
2696	228.291	264.156
2697	228.506	264.252
2698	228.721	264.348
2699	228.937	264.445
2700	229.156	264.543
2701	229.376	264.642
2702	229.597	264.742
2703	229.819	264.842
2704	230.041	264.942
2705	230.265	265.044
2706	230.489	265.146
2707	230.714	265.249
2708	230.939	265.352
2709	231.165	265.455
2710	231.390	265.559
2711	231.617	265.663
2712	231.844	265.768
2713	232.070	265.872
2714	232.295	265.976
2715	232.521	266.080
2716	232.746	266.184
2717	232.973	266.289
2718	233.195	266.392
2719	233.418	266.495
2720	233.641	266.598
2721	233.864	266.702
2722	234.086	266.804
2723	234.304	266.904
2724	234.522	267.004
2725	234.741	267.105
2726	234.961	267.206
2727	235.174	267.301
2728	235.385	267.397
2729	235.597	267.492
2730	235.809	267.587
2731	236.021	267.682
2732	236.223	267.769
2733	236.426	267.856
2734	236.629	267.944
2735	236.833	268.032
2736	237.034	268.117
2737	237.224	268.192
2738	237.414	268.267
2739	237.605	268.342
2740	237.796	268.418
2741	237.988	268.494
2742	238.162	268.555
2743	238.336	268.615
2744	238.511	268.675
2745	238.685	268.735
2746	238.861	268.796
2747	239.032	268.853
2748	239.186	268.900
2749	239.341	268.947
2750	239.496	268.994
2751	239.652	269.042
2752	239.808	269.090
2753	239.965	269.138
2754	240.108	269.180
2755	240.248	269.221
2756	240.388	269.262
2757	240.528	269.304
2758	240.668	269.345
2759	240.809	269.386
2760	240.951	269.428
2761	241.085	269.467
2762	241.217	269.506
2763	241.349	269.545
2764	241.482	269.584
2765	241.614	269.623
2766	241.748	269.662
2767	241.881	269.701
2768	242.015	269.741
2769	242.146	269.780
2770	242.277	269.820
2771	242.409	269.860
2772	242.541	269.900
2773	242.674	269.939
2774	242.807	269.980
2775	242.940	270.020
2776	243.075	270.061
2777	243.212	270.104
2778	243.349	270.146
2779	243.487	270.189
2780	243.625	270.232
2781	243.763	270.275
2782	243.902	270.318
2783	244.044	270.362
2784	244.192	270.408
2785	244.340	270.454
2786	244.489	270.501
2787	244.638	270.547
2788	244.788	270.594
2789	244.938	270.642
2790	245.098	270.691
2791	245.263	270.743
2792	245.430	270.796
2793	245.596	270.849
2794	245.763	270.901
2795	245.931	270.954
2796	246.111	271.012
2797	246.299	271.072
2798	246.488	271.132
2799	246.678	271.193
2800	246.868	271.254
2801	247.066	271.317
2802	247.284	271.385
2803	247.502	271.453
2804	247.720	271.521
2805	247.939	271.589
2806	248.176	271.662
2807	248.420	271.736
2808	248.666	271.811
2809	248.911	271.886
2810	249.170	271.964
2811	249.436	272.043
2812	249.703	272.123
2813	249.971	272.203
2814	250.250	272.284
2815	250.531	272.367
2816	250.814	272.451
2817	251.099	272.535
2818	251.390	272.621
2819	251.682	272.706
2820	251.974	272.792
2821	252.268	272.877
2822	252.564	272.962
2823	252.860	273.047
2824	253.156	273.131
2825	253.450	273.214
2826	253.745	273.297
2827	254.041	273.379
2828	254.330	273.458
2829	254.619	273.536
2830	254.910	273.615
2831	255.193	273.690
2832	255.472	273.763
2833	255.752	273.836
2834	256.031	273.910
2835	256.300	273.979
2836	256.569	274.049
2837	256.839	274.118
2838	257.106	274.187
2839	257.368	274.254
2840	257.631	274.322
2841	257.894	274.388
2842	258.155	274.455
2843	258.413	274.521
2844	258.673	274.587
2845	258.933	274.654
2846	259.192	274.719
2847	259.451	274.785
2848	259.711	274.852
2849	259.971	274.918
2850	260.234	274.986
2851	260.498	275.054
2852	260.762	275.123
2853	261.028	275.192
2854	261.299	275.264
2855	261.571	275.336
2856	261.844	275.408
2857	262.121	275.482
2858	262.404	275.559
2859	262.689	275.636
2860	262.975	275.714
2861	263.272	275.795
2862	263.573	275.878
2863	263.874	275.961
2864	264.184	276.046
2865	264.501	276.134
2866	264.819	276.222
2867	265.142	276.312
2868	265.473	276.405
2869	265.805	276.498
2870	266.141	276.593
2871	266.482	276.691
2872	266.825	276.788
2873	267.172	276.888
2874	267.522	276.989
2875	267.873	277.091
2876	268.228	277.194
2877	268.584	277.298
2878	268.942	277.403
2879	269.302	277.509
2880	269.662	277.616
2881	270.024	277.724
2882	270.384	277.834
2883	270.746	277.944
2884	271.108	278.054
2885	271.468	278.165
2886	271.829	278.277
2887	272.188	278.389
2888	272.545	278.501
2889	272.903	278.613
2890	273.255	278.724
2891	273.605	278.833
2892	273.958	278.945
2893	274.301	279.053
2894	274.644	279.162
2895	274.988	279.272
2896	275.320	279.377
2897	275.652	279.482
2898	275.986	279.588
2899	276.305	279.686
2900	276.626	279.786
2901	276.947	279.886
2902	277.254	279.981
2903	277.559	280.075
2904	277.865	280.170
2905	278.162	280.262
2906	278.452	280.351
2907	278.743	280.440
2908	279.032	280.529
2909	279.308	280.613
2910	279.584	280.697
2911	279.862	280.782
2912	280.133	280.863
2913	280.398	280.943
2914	280.664	281.022
2915	280.931	281.102
2916	281.189	281.178
2917	281.446	281.255
2918	281.703	281.330
2919	281.962	281.407
2920	282.213	281.481
2921	282.463	281.553
2922	282.714	281.625
2923	282.966	281.699
2924	283.213	281.771
2925	283.459	281.843
2926	283.706	281.915
2927	283.954	281.988
2928	284.199	282.060
2929	284.444	282.131
2930	284.690	282.203
2931	284.937	282.274
2932	285.182	282.346
2933	285.429	282.417
2934	285.676	282.489
2935	285.924	282.561
2936	286.174	282.633
2937	286.425	282.706
2938	286.677	282.779
2939	286.929	282.853
2940	287.185	282.927
2941	287.443	283.002
2942	287.702	283.079
2943	287.962	283.155
2944	288.227	283.235
2945	288.494	283.314
2946	288.763	283.395
2947	289.034	283.475
2948	289.311	283.557
2949	289.589	283.640
2950	289.869	283.723
2951	290.153	283.807
2952	290.440	283.893
2953	290.729	283.979
2954	291.020	284.066
2955	291.315	284.155
2956	291.612	284.245
2957	291.909	284.334
2958	292.211	284.425
2959	292.514	284.517
2960	292.819	284.610
2961	293.125	284.702
2962	293.434	284.796
2963	293.743	284.891
2964	294.054	284.986
2965	294.366	285.083
2966	294.679	285.180
2967	294.995	285.275
2968	295.309	285.373
2969	295.625	285.472
2970	295.943	285.572
2971	296.259	285.673
2972	296.577	285.774
2973	296.896	285.875
2974	297.213	285.977
2975	297.530	286.079
2976	297.849	286.182
2977	298.166	286.284
2978	298.483	286.387
2979	298.800	286.491
2980	299.117	286.595
2981	299.431	286.699
2982	299.746	286.804
2983	300.062	286.909
2984	300.373	287.011
2985	300.685	287.115
2986	300.998	287.221
2987	301.303	287.325
2988	301.610	287.430
2989	301.919	287.535
2990	302.222	287.638
2991	302.523	287.742
2992	302.826	287.847
2993	303.126	287.951
2994	303.420	288.054
2995	303.716	288.158
2996	304.013	288.261
2997	304.300	288.358
2998	304.587	288.459
2999	304.877	288.561
3000	305.160	288.661
3001	305.439	288.758
3002	305.719	288.857
3003	306.001	288.953
3004	306.271	289.046
3005	306.542	289.140
3006	306.815	289.233
3007	307.084	289.327
3008	307.344	289.416
3009	307.606	289.507
3010	307.870	289.597
3011	308.127	289.686
3012	308.380	289.774
3013	308.634	289.862
3014	308.889	289.951
3015	309.139	290.038
3016	309.387	290.123
3017	309.636	290.210
3018	309.885	290.297
3019	310.132	290.384
3020	310.378	290.470
3021	310.623	290.557
3022	310.871	290.646
3023	311.116	290.734
3024	311.361	290.823
3025	311.606	290.910
3026	311.853	291.000
3027	312.100	291.090
3028	312.347	291.182
3029	312.595	291.275
3030	312.845	291.367
3031	313.096	291.462
3032	313.349	291.559
3033	313.605	291.657
3034	313.861	291.756
3035	314.120	291.856
3036	314.384	291.959
3037	314.649	292.061
3038	314.916	292.163
3039	315.188	292.269
3040	315.462	292.378
3041	315.737	292.488
3042	316.015	292.599
3043	316.295	292.712
3044	316.576	292.827
3045	316.859	292.942
3046	317.142	293.058
3047	317.425	293.174
3048	317.709	293.291
3049	317.995	293.409
3050	318.276	293.527
3051	318.559	293.636
3052	318.842	293.754
3053	319.123	293.872
3054	319.399	293.988
3055	319.677	294.103
3056	319.957	294.220
3057	320.227	294.334
3058	320.496	294.449
3059	320.767	294.564
3060	321.039	294.678
3061	321.299	294.789
3062	321.560	294.900
3063	321.824	295.012
3064	322.083	295.123
3065	322.334	295.231
3066	322.588	295.338
3067	322.843	295.446
3068	323.093	295.553
3069	323.335	295.654
3070	323.578	295.758
3071	323.823	295.858
3072	324.064	295.961
3073	324.295	296.058
3074	324.529	296.156
3075	324.763	296.255
3076	325.000	296.352
3077	325.222	296.441
3078	325.445	296.531
3079	325.669	296.621
3080	325.894	296.712
3081	326.112	296.798
3082	326.324	296.879
3083	326.537	296.957
3084	326.750	297.040
3085	326.967	297.122
3086	327.169	297.191
3087	327.368	297.262
3088	327.570	297.333
3089	327.772	297.406
3090	327.976	297.480
3091	328.166	297.540
3092	328.355	297.602
3093	328.545	297.662
3094	328.735	297.724
3095	328.927	297.786
3096	329.110	297.840
3097	329.286	297.890
3098	329.464	297.938
3099	329.643	297.988
3100	329.823	298.039
3101	330.004	298.090
3102	330.167	298.130
3103	330.333	298.168
3104	330.499	298.209
3105	330.666	298.249
3106	330.835	298.285
3107	331.004	298.327
3108	331.158	298.363
3109	331.313	298.400
3110	331.470	298.434
3111	331.627	298.472
3112	331.786	298.509
3113	331.946	298.545
3114	332.101	298.583
3115	332.254	298.619
3116	332.409	298.651
3117	332.564	298.687
3118	332.720	298.725
3119	332.877	298.762
3120	333.036	298.801
3121	333.195	298.843
3122	333.356	298.882
3123	333.518	298.923
3124	333.681	298.963
3125	333.845	299.006
3126	334.010	299.048
3127	334.188	299.097
3128	334.367	299.145
3129	334.546	299.194
3130	334.727	299.244
3131	334.909	299.295
3132	335.107	299.349
3133	335.319	299.409
3134	335.534	299.463
3135	335.748	299.523
3136	335.965	299.583
3137	336.223	299.652
3138	336.488	299.728
3139	336.755	299.806
3140	337.030	299.885
3141	337.372	299.982
3142	337.718	300.077
3143	338.085	300.176
3144	338.526	300.294
3145	338.969	300.413
3146	339.467	300.540
3147	339.972	300.668
3148	340.489	300.792
3149	341.012	300.915
3150	341.511	301.033
3151	342.014	301.150
3152	342.490	301.258
3153	342.972	301.370
3154	343.437	301.480
3155	343.905	301.589
3156	344.369	301.693
3157	344.832	301.800
3158	345.293	301.903
3159	345.748	302.012
3160	346.204	302.121
3161	346.659	302.230
3162	347.119	302.338
3163	347.577	302.450
3164	348.043	302.557
3165	348.507	302.674
3166	348.975	302.781
3167	349.447	302.901
3168	349.923	303.019
3169	350.400	303.141
3170	350.882	303.262
3171	351.369	303.385
3172	351.857	303.510
3173	352.351	303.635
3174	352.847	303.762
3175	353.346	303.887
3176	353.846	304.018
3177	354.348	304.150
3178	354.854	304.283
3179	355.367	304.400
3180	355.876	304.535
3181	356.387	304.669
3182	356.899	304.805
3183	357.411	304.940
3184	357.927	305.071
3185	358.440	305.210
3186	358.956	305.350
3187	359.465	305.491
3188	359.980	305.627
3189	360.491	305.768
3190	361.005	305.902
3191	361.513	306.045
3192	362.026	306.188
3193	362.535	306.329
3194	363.048	306.471
3195	363.553	306.615
3196	364.062	306.760
3197	364.569	306.902
3198	365.076	307.048
3199	365.579	307.192
3200	366.084	307.330
3201	366.587	307.472
3202	367.089	307.621
3203	367.591	307.767
3204	368.093	307.917
3205	368.591	308.067
3206	369.093	308.212
3207	369.587	308.364
3208	370.082	308.517
3209	370.577	308.659
3210	371.071	308.812
3211	371.558	308.955
3212	372.050	309.102
3213	372.533	309.254
3214	373.021	309.405
3215	373.505	309.552
3216	373.994	309.702
3217	374.476	309.844
3218	374.959	309.994
3219	375.436	310.133
3220	375.913	310.280
3221	376.383	310.416
3222	376.856	310.560
3223	377.320	310.704
3224	377.786	310.841
3225	378.252	310.977
3226	378.710	311.119
3227	379.170	311.249
3228	379.626	311.388
3229	380.083	311.527
3230	380.537	311.658
3231	380.996	311.794
3232	381.451	311.935
3233	381.911	312.076
3234	382.378	312.209
3235	382.843	312.347
3236	383.311	312.492
3237	383.785	312.632
3238	384.262	312.779
3239	384.742	312.937
3240	385.230	313.087
3241	385.725	313.252
3242	386.226	313.422
3243	386.737	313.588
3244	387.257	313.767
3245	387.784	313.955
3246	388.324	314.142
3247	388.869	314.327
3248	389.415	314.525
3249	389.967	314.725
3250	390.525	314.930
3251	391.083	315.140
3252	391.639	315.357
3253	392.194	315.576
3254	392.746	315.790
3255	393.294	316.017
3256	393.841	316.241
3257	394.378	316.462
3258	394.914	316.683
3259	395.434	316.902
3260	395.958	317.127
3261	396.456	317.343
3262	396.961	317.554
3263	397.433	317.757
3264	397.907	317.957
3265	398.361	318.139
3266	398.812	318.333
3267	399.245	318.518
3268	399.670	318.700
3269	400.091	318.878
3270	400.493	319.048
3271	400.899	319.217
3272	401.288	319.365
3273	401.675	319.523
3274	402.060	319.683
3275	402.427	319.823
3276	402.799	319.963
3277	403.162	320.113
3278	403.521	320.244
3279	403.883	320.378
3280	404.233	320.508
3281	404.583	320.644
3282	404.935	320.774
3283	405.282	320.898
3284	405.627	321.024
3285	405.977	321.151
3286	406.320	321.270
3287	406.668	321.377
3288	407.017	321.502
3289	407.359	321.599
3290	407.704	321.715
3291	408.053	321.836
3292	408.399	321.954
3293	408.752	322.064
3294	409.106	322.177
3295	409.464	322.276
3296	409.828	322.391
3297	410.194	322.491
3298	410.562	322.602
3299	410.937	322.713
3300	411.317	322.820
3301	411.703	322.941
3302	412.094	323.063
3303	412.497	323.180
3304	412.902	323.286
3305	413.321	323.406
3306	413.747	323.517
3307	414.183	323.642
3308	414.631	323.778
3309	415.088	323.915
3310	415.569	324.049
3311	416.053	324.188
3312	416.562	324.315
3313	417.082	324.469
3314	417.621	324.635
3315	418.176	324.794
3316	418.757	324.964
3317	419.355	325.139
3318	419.968	325.312
3319	420.597	325.501
3320	421.233	325.695
3321	421.882	325.888
3322	422.535	326.069
3323	423.191	326.241
3324	423.845	326.421
3325	424.491	326.587
3326	425.129	326.754
3327	425.753	326.898
3328	426.360	327.029
3329	426.958	327.149
3330	427.525	327.262
3331	428.092	327.375
3332	428.644	327.478
3333	429.195	327.584
3334	429.744	327.676
3335	430.296	327.766
3336	430.846	327.857
3337	431.402	327.954
3338	431.970	328.054
3339	432.556	328.150
3340	433.159	328.244
3341	433.778	328.355
3342	434.432	328.449
3343	435.112	328.563
3344	435.830	328.679
3345	436.587	328.803
3346	437.389	328.941
3347	438.253	329.108
3348	439.255	329.362
3349	440.582	329.618