# GTS-III agescale and ice origin from Salamatin (PICR2, 2009)			
# Depth (m) age (kyr) origin (km) thinning			
0	0.000	370.000	NaN
1	0.015	369.971	NaN
2	0.030	369.940	NaN
3	0.046	369.908	NaN
4	0.063	369.874	NaN
5	0.080	369.840	NaN
6	0.098	369.804	NaN
7	0.117	369.767	NaN
8	0.136	369.728	NaN
9	0.155	369.689	NaN
10	0.176	369.648	NaN
11	0.196	369.607	NaN
12	0.218	369.564	NaN
13	0.240	369.520	NaN
14	0.262	369.475	NaN
15	0.285	369.430	NaN
16	0.308	369.383	NaN
17	0.332	369.335	NaN
18	0.356	369.286	NaN
19	0.381	369.236	NaN
20	0.407	369.186	NaN
21	0.432	369.134	NaN
22	0.458	369.082	NaN
23	0.485	369.028	NaN
24	0.512	368.974	NaN
25	0.540	368.919	NaN
26	0.568	368.863	NaN
27	0.596	368.807	NaN
28	0.625	368.749	NaN
29	0.654	368.691	NaN
30	0.683	368.632	NaN
31	0.713	368.572	NaN
32	0.743	368.512	NaN
33	0.774	368.450	NaN
34	0.805	368.389	NaN
35	0.836	368.326	NaN
36	0.867	368.263	NaN
37	0.899	368.199	NaN
38	0.932	368.134	NaN
39	0.964	368.069	NaN
40	0.997	368.003	NaN
41	1.031	367.939	NaN
42	1.064	367.875	NaN
43	1.098	367.810	NaN
44	1.133	367.745	NaN
45	1.168	367.679	NaN
46	1.202	367.612	NaN
47	1.238	367.545	NaN
48	1.273	367.478	NaN
49	1.309	367.410	NaN
50	1.345	367.341	NaN
51	1.381	367.272	NaN
52	1.418	367.202	NaN
53	1.455	367.132	NaN
54	1.492	367.062	NaN
55	1.529	366.991	NaN
56	1.567	366.920	NaN
57	1.604	366.848	NaN
58	1.642	366.775	NaN
59	1.681	366.703	NaN
60	1.719	366.630	NaN
61	1.758	366.556	NaN
62	1.797	366.482	NaN
63	1.836	366.408	NaN
64	1.875	366.333	NaN
65	1.915	366.258	NaN
66	1.954	366.182	NaN
67	1.994	366.107	NaN
68	2.034	366.034	NaN
69	2.074	365.963	NaN
70	2.115	365.890	NaN
71	2.155	365.818	NaN
72	2.196	365.745	NaN
73	2.237	365.672	NaN
74	2.278	365.598	NaN
75	2.319	365.525	NaN
76	2.360	365.450	NaN
77	2.402	365.376	NaN
78	2.443	365.301	NaN
79	2.485	365.226	NaN
80	2.527	365.151	NaN
81	2.569	365.076	NaN
82	2.612	365.000	NaN
83	2.654	364.924	NaN
84	2.697	364.847	NaN
85	2.740	364.771	NaN
86	2.782	364.694	NaN
87	2.826	364.617	NaN
88	2.869	364.540	NaN
89	2.912	364.462	NaN
90	2.956	364.384	NaN
91	2.999	364.306	NaN
92	3.042	364.234	NaN
93	3.086	364.162	NaN
94	3.129	364.089	NaN
95	3.173	364.016	NaN
96	3.217	363.943	NaN
97	3.260	363.870	NaN
98	3.304	363.797	NaN
99	3.348	363.723	NaN
100	3.393	363.650	NaN
101	3.437	363.576	NaN
102	3.481	363.502	NaN
103	3.526	363.427	NaN
104	3.570	363.353	NaN
105	3.615	363.278	NaN
106	3.660	363.203	NaN
107	3.705	363.128	NaN
108	3.750	363.053	NaN
109	3.795	362.978	NaN
110	3.841	362.902	NaN
111	3.886	362.827	NaN
112	3.931	362.751	NaN
113	3.977	362.675	NaN
114	4.022	362.602	NaN
115	4.067	362.534	NaN
116	4.112	362.465	NaN
117	4.157	362.396	NaN
118	4.203	362.327	NaN
119	4.248	362.257	NaN
120	4.293	362.188	NaN
121	4.339	362.118	NaN
122	4.385	362.048	NaN
123	4.430	361.979	NaN
124	4.476	361.909	NaN
125	4.522	361.839	NaN
126	4.568	361.768	NaN
127	4.614	361.698	NaN
128	4.660	361.628	NaN
129	4.706	361.557	NaN
130	4.752	361.486	NaN
131	4.799	361.416	NaN
132	4.845	361.345	NaN
133	4.892	361.274	NaN
134	4.938	361.202	NaN
135	4.985	361.131	NaN
136	5.031	361.066	NaN
137	5.077	361.003	NaN
138	5.122	360.940	NaN
139	5.168	360.877	NaN
140	5.214	360.814	NaN
141	5.260	360.751	NaN
142	5.306	360.688	NaN
143	5.353	360.625	NaN
144	5.399	360.561	NaN
145	5.445	360.498	NaN
146	5.492	360.434	NaN
147	5.538	360.371	NaN
148	5.585	360.307	NaN
149	5.631	360.243	NaN
150	5.678	360.179	NaN
151	5.724	360.115	NaN
152	5.771	360.051	NaN
153	5.818	359.987	NaN
154	5.865	359.923	NaN
155	5.912	359.858	NaN
156	5.959	359.794	NaN
157	6.006	359.731	NaN
158	6.052	359.676	NaN
159	6.097	359.621	NaN
160	6.143	359.566	NaN
161	6.190	359.511	NaN
162	6.236	359.456	NaN
163	6.282	359.400	NaN
164	6.328	359.345	NaN
165	6.374	359.290	NaN
166	6.421	359.234	NaN
167	6.467	359.179	NaN
168	6.513	359.123	NaN
169	6.560	359.068	NaN
170	6.606	359.012	NaN
171	6.653	358.956	NaN
172	6.700	358.901	NaN
173	6.746	358.845	NaN
174	6.793	358.789	NaN
175	6.840	358.733	NaN
176	6.887	358.677	NaN
177	6.933	358.621	NaN
178	6.980	358.565	NaN
179	7.027	358.515	NaN
180	7.072	358.468	NaN
181	7.118	358.422	NaN
182	7.163	358.376	NaN
183	7.209	358.330	NaN
184	7.255	358.284	NaN
185	7.301	358.237	NaN
186	7.347	358.191	NaN
187	7.393	358.145	NaN
188	7.439	358.098	NaN
189	7.485	358.052	NaN
190	7.531	358.005	NaN
191	7.577	357.959	NaN
192	7.623	357.912	NaN
193	7.669	357.865	NaN
194	7.715	357.819	NaN
195	7.762	357.772	NaN
196	7.808	357.725	NaN
197	7.854	357.678	NaN
198	7.901	357.631	NaN
199	7.947	357.584	NaN
200	7.994	357.537	NaN
201	8.039	357.499	NaN
202	8.084	357.462	NaN
203	8.129	357.426	NaN
204	8.174	357.389	NaN
205	8.219	357.352	NaN
206	8.264	357.315	NaN
207	8.310	357.278	NaN
208	8.355	357.241	NaN
209	8.400	357.204	NaN
210	8.445	357.167	NaN
211	8.491	357.130	NaN
212	8.536	357.092	NaN
213	8.582	357.055	NaN
214	8.627	357.018	NaN
215	8.673	356.981	NaN
216	8.718	356.944	NaN
217	8.764	356.906	NaN
218	8.809	356.869	NaN
219	8.855	356.832	NaN
220	8.901	356.794	NaN
221	8.947	356.757	NaN
222	8.992	356.719	NaN
223	9.037	356.684	NaN
224	9.081	356.649	NaN
225	9.125	356.614	NaN
226	9.169	356.579	NaN
227	9.214	356.544	NaN
228	9.258	356.509	NaN
229	9.302	356.473	NaN
230	9.347	356.438	NaN
231	9.391	356.403	NaN
232	9.436	356.368	NaN
233	9.480	356.332	NaN
234	9.525	356.297	NaN
235	9.569	356.262	NaN
236	9.614	356.226	NaN
237	9.658	356.191	NaN
238	9.703	356.156	NaN
239	9.748	356.120	NaN
240	9.792	356.085	NaN
241	9.837	356.049	NaN
242	9.882	356.014	NaN
243	9.927	355.978	NaN
244	9.972	355.942	NaN
245	10.017	355.905	NaN
246	10.062	355.864	NaN
247	10.107	355.823	NaN
248	10.152	355.781	NaN
249	10.197	355.740	NaN
250	10.242	355.699	NaN
251	10.288	355.658	NaN
252	10.333	355.616	NaN
253	10.378	355.575	NaN
254	10.424	355.534	NaN
255	10.469	355.492	NaN
256	10.515	355.451	NaN
257	10.560	355.410	NaN
258	10.606	355.368	NaN
259	10.651	355.327	NaN
260	10.697	355.285	NaN
261	10.742	355.243	NaN
262	10.788	355.202	NaN
263	10.834	355.160	NaN
264	10.879	355.119	NaN
265	10.925	355.077	NaN
266	10.971	355.035	NaN
267	11.018	354.990	NaN
268	11.067	354.938	NaN
269	11.116	354.886	NaN
270	11.165	354.835	NaN
271	11.215	354.783	NaN
272	11.264	354.731	NaN
273	11.313	354.679	NaN
274	11.363	354.627	NaN
275	11.412	354.575	NaN
276	11.461	354.523	NaN
277	11.511	354.471	NaN
278	11.560	354.419	NaN
279	11.610	354.367	NaN
280	11.659	354.315	NaN
281	11.709	354.263	NaN
282	11.759	354.210	NaN
283	11.808	354.158	NaN
284	11.858	354.106	NaN
285	11.908	354.054	NaN
286	11.958	354.001	NaN
287	12.009	353.947	NaN
288	12.065	353.883	NaN
289	12.122	353.818	NaN
290	12.179	353.754	NaN
291	12.235	353.689	NaN
292	12.292	353.625	NaN
293	12.349	353.560	NaN
294	12.406	353.496	NaN
295	12.463	353.431	NaN
296	12.520	353.366	NaN
297	12.577	353.301	NaN
298	12.634	353.237	NaN
299	12.691	353.172	NaN
300	12.748	353.107	NaN
301	12.805	353.042	NaN
302	12.863	352.977	NaN
303	12.920	352.912	NaN
304	12.977	352.847	NaN
305	13.040	352.775	NaN
306	13.107	352.698	NaN
307	13.174	352.621	NaN
308	13.241	352.545	NaN
309	13.308	352.468	NaN
310	13.375	352.391	NaN
311	13.443	352.314	NaN
312	13.510	352.237	NaN
313	13.577	352.160	NaN
314	13.645	352.083	NaN
315	13.712	352.006	NaN
316	13.779	351.928	NaN
317	13.847	351.851	NaN
318	13.914	351.774	NaN
319	13.982	351.696	NaN
320	14.057	351.613	NaN
321	14.135	351.528	NaN
322	14.213	351.443	NaN
323	14.291	351.357	NaN
324	14.369	351.272	NaN
325	14.447	351.187	NaN
326	14.525	351.101	NaN
327	14.603	351.015	NaN
328	14.681	350.930	NaN
329	14.760	350.844	NaN
330	14.838	350.758	NaN
331	14.917	350.672	NaN
332	14.995	350.586	NaN
333	15.081	350.492	NaN
334	15.167	350.396	NaN
335	15.253	350.300	NaN
336	15.340	350.205	NaN
337	15.426	350.109	NaN
338	15.513	350.013	NaN
339	15.599	349.917	NaN
340	15.686	349.821	NaN
341	15.773	349.725	NaN
342	15.860	349.629	NaN
343	15.947	349.533	NaN
344	16.036	349.434	NaN
345	16.130	349.330	NaN
346	16.223	349.226	NaN
347	16.317	349.122	NaN
348	16.411	349.018	NaN
349	16.504	348.914	NaN
350	16.598	348.809	NaN
351	16.692	348.705	NaN
352	16.786	348.600	NaN
353	16.880	348.496	NaN
354	16.975	348.391	NaN
355	17.072	348.283	NaN
356	17.171	348.173	NaN
357	17.269	348.064	NaN
358	17.368	347.954	NaN
359	17.467	347.844	NaN
360	17.566	347.734	NaN
361	17.665	347.624	NaN
362	17.764	347.514	NaN
363	17.864	347.404	NaN
364	17.963	347.293	NaN
365	18.064	347.180	NaN
366	18.166	347.066	NaN
367	18.269	346.951	NaN
368	18.371	346.836	NaN
369	18.473	346.722	NaN
370	18.576	346.607	NaN
371	18.678	346.492	NaN
372	18.781	346.377	NaN
373	18.884	346.261	NaN
374	18.987	346.146	NaN
375	19.091	346.028	NaN
376	19.196	345.909	NaN
377	19.301	345.791	NaN
378	19.406	345.672	NaN
379	19.512	345.553	NaN
380	19.617	345.434	NaN
381	19.722	345.315	NaN
382	19.828	345.196	NaN
383	19.933	345.077	NaN
384	20.039	344.957	NaN
385	20.146	344.836	NaN
386	20.253	344.715	NaN
387	20.360	344.594	NaN
388	20.467	344.473	NaN
389	20.574	344.351	NaN
390	20.681	344.230	NaN
391	20.788	344.108	NaN
392	20.896	343.986	NaN
393	21.003	343.865	NaN
394	21.111	343.743	NaN
395	21.218	343.621	NaN
396	21.326	343.498	NaN
397	21.433	343.376	NaN
398	21.541	343.254	NaN
399	21.649	343.131	NaN
400	21.757	343.009	NaN
401	21.865	342.886	NaN
402	21.974	342.763	NaN
403	22.081	342.641	NaN
404	22.189	342.518	NaN
405	22.296	342.396	NaN
406	22.404	342.274	NaN
407	22.512	342.151	NaN
408	22.619	342.028	NaN
409	22.727	341.905	NaN
410	22.835	341.783	NaN
411	22.943	341.659	NaN
412	23.051	341.537	NaN
413	23.158	341.415	NaN
414	23.265	341.293	NaN
415	23.372	341.171	NaN
416	23.479	341.049	NaN
417	23.586	340.927	NaN
418	23.693	340.805	NaN
419	23.801	340.682	NaN
420	23.908	340.560	NaN
421	24.015	340.437	NaN
422	24.121	340.316	NaN
423	24.227	340.195	NaN
424	24.333	340.073	NaN
425	24.439	339.952	NaN
426	24.545	339.830	NaN
427	24.652	339.708	NaN
428	24.758	339.586	NaN
429	24.864	339.464	NaN
430	24.971	339.342	NaN
431	25.076	339.221	NaN
432	25.181	339.100	NaN
433	25.287	338.979	NaN
434	25.392	338.857	NaN
435	25.497	338.736	NaN
436	25.603	338.614	NaN
437	25.708	338.493	NaN
438	25.814	338.371	NaN
439	25.920	338.249	NaN
440	26.025	338.128	NaN
441	26.130	338.007	NaN
442	26.234	337.886	NaN
443	26.339	337.764	NaN
444	26.444	337.643	NaN
445	26.549	337.522	NaN
446	26.653	337.400	NaN
447	26.758	337.279	NaN
448	26.864	337.157	NaN
449	26.969	337.035	NaN
450	27.073	336.914	NaN
451	27.177	336.793	NaN
452	27.281	336.672	NaN
453	27.385	336.551	NaN
454	27.489	336.430	NaN
455	27.593	336.308	NaN
456	27.698	336.187	NaN
457	27.802	336.065	NaN
458	27.906	335.944	NaN
459	28.011	335.822	NaN
460	28.114	335.702	NaN
461	28.217	335.581	NaN
462	28.321	335.460	NaN
463	28.424	335.339	NaN
464	28.527	335.218	NaN
465	28.631	335.097	NaN
466	28.735	334.976	NaN
467	28.838	334.855	NaN
468	28.942	334.733	NaN
469	29.045	334.612	NaN
470	29.148	334.492	NaN
471	29.250	334.372	NaN
472	29.352	334.252	NaN
473	29.455	334.132	NaN
474	29.558	334.011	NaN
475	29.660	333.891	NaN
476	29.763	333.770	NaN
477	29.866	333.649	NaN
478	29.969	333.529	NaN
479	30.070	333.408	NaN
480	30.171	333.288	NaN
481	30.272	333.168	NaN
482	30.373	333.048	NaN
483	30.474	332.927	NaN
484	30.576	332.807	NaN
485	30.677	332.687	NaN
486	30.778	332.566	NaN
487	30.879	332.446	NaN
488	30.981	332.325	NaN
489	31.080	332.204	NaN
490	31.180	332.083	NaN
491	31.279	331.963	NaN
492	31.378	331.842	NaN
493	31.478	331.721	NaN
494	31.577	331.600	NaN
495	31.676	331.479	NaN
496	31.776	331.358	NaN
497	31.875	331.237	NaN
498	31.975	331.116	NaN
499	32.072	330.995	NaN
500	32.170	330.873	NaN
501	32.267	330.751	NaN
502	32.364	330.630	NaN
503	32.461	330.508	NaN
504	32.558	330.386	NaN
505	32.655	330.265	NaN
506	32.752	330.143	NaN
507	32.849	330.022	NaN
508	32.946	329.900	NaN
509	33.041	329.778	NaN
510	33.136	329.655	NaN
511	33.231	329.532	NaN
512	33.325	329.409	NaN
513	33.420	329.287	NaN
514	33.514	329.164	NaN
515	33.608	329.042	NaN
516	33.703	328.919	NaN
517	33.797	328.797	NaN
518	33.891	328.674	NaN
519	33.985	328.552	NaN
520	34.078	328.428	NaN
521	34.171	328.303	NaN
522	34.264	328.178	NaN
523	34.357	328.054	NaN
524	34.449	327.929	NaN
525	34.542	327.805	NaN
526	34.634	327.680	NaN
527	34.727	327.556	NaN
528	34.819	327.432	NaN
529	34.912	327.308	NaN
530	35.004	327.184	NaN
531	35.094	327.057	NaN
532	35.185	326.931	NaN
533	35.276	326.805	NaN
534	35.366	326.678	NaN
535	35.456	326.552	NaN
536	35.547	326.426	NaN
537	35.637	326.300	NaN
538	35.727	326.175	NaN
539	35.817	326.049	NaN
540	35.907	325.923	NaN
541	35.997	325.798	NaN
542	36.085	325.670	NaN
543	36.173	325.543	NaN
544	36.262	325.415	NaN
545	36.349	325.288	NaN
546	36.437	325.161	NaN
547	36.525	325.034	NaN
548	36.613	324.907	NaN
549	36.700	324.780	NaN
550	36.788	324.653	NaN
551	36.875	324.527	NaN
552	36.963	324.400	NaN
553	37.049	324.273	NaN
554	37.135	324.146	NaN
555	37.220	324.019	NaN
556	37.306	323.892	NaN
557	37.391	323.765	NaN
558	37.476	323.639	NaN
559	37.562	323.512	NaN
560	37.647	323.386	NaN
561	37.732	323.259	NaN
562	37.817	323.133	NaN
563	37.902	323.007	NaN
564	37.987	322.881	NaN
565	38.070	322.754	NaN
566	38.153	322.627	NaN
567	38.236	322.501	NaN
568	38.319	322.374	NaN
569	38.402	322.247	NaN
570	38.485	322.121	NaN
571	38.568	321.994	NaN
572	38.651	321.868	NaN
573	38.733	321.742	NaN
574	38.816	321.616	NaN
575	38.899	321.489	NaN
576	38.981	321.363	NaN
577	39.063	321.237	NaN
578	39.144	321.110	NaN
579	39.225	320.983	NaN
580	39.306	320.857	NaN
581	39.387	320.730	NaN
582	39.468	320.604	NaN
583	39.549	320.477	NaN
584	39.630	320.351	NaN
585	39.711	320.225	NaN
586	39.791	320.099	NaN
587	39.872	319.972	NaN
588	39.953	319.846	NaN
589	40.033	319.720	NaN
590	40.112	319.593	NaN
591	40.192	319.465	NaN
592	40.271	319.338	NaN
593	40.351	319.211	NaN
594	40.430	319.084	NaN
595	40.509	318.957	NaN
596	40.589	318.830	NaN
597	40.668	318.703	NaN
598	40.747	318.576	NaN
599	40.826	318.449	NaN
600	40.905	318.322	NaN
601	40.985	318.196	NaN
602	41.062	318.068	NaN
603	41.139	317.940	NaN
604	41.217	317.812	NaN
605	41.294	317.684	NaN
606	41.371	317.556	NaN
607	41.448	317.428	NaN
608	41.525	317.301	NaN
609	41.602	317.173	NaN
610	41.679	317.045	NaN
611	41.756	316.917	NaN
612	41.833	316.790	NaN
613	41.910	316.662	NaN
614	41.987	316.534	NaN
615	42.063	316.405	NaN
616	42.139	316.276	NaN
617	42.214	316.146	NaN
618	42.289	316.017	NaN
619	42.365	315.888	NaN
620	42.440	315.759	NaN
621	42.516	315.629	NaN
622	42.591	315.500	NaN
623	42.666	315.371	NaN
624	42.742	315.242	NaN
625	42.817	315.112	NaN
626	42.893	314.983	NaN
627	42.968	314.854	NaN
628	43.043	314.723	NaN
629	43.117	314.592	NaN
630	43.190	314.461	NaN
631	43.264	314.329	NaN
632	43.338	314.198	NaN
633	43.412	314.066	NaN
634	43.486	313.935	NaN
635	43.560	313.804	NaN
636	43.634	313.672	NaN
637	43.708	313.541	NaN
638	43.782	313.409	NaN
639	43.856	313.278	NaN
640	43.930	313.147	NaN
641	44.004	313.015	NaN
642	44.075	312.881	NaN
643	44.147	312.748	NaN
644	44.218	312.614	NaN
645	44.289	312.480	NaN
646	44.361	312.346	NaN
647	44.432	312.213	NaN
648	44.503	312.079	NaN
649	44.575	311.945	NaN
650	44.646	311.811	NaN
651	44.718	311.677	NaN
652	44.789	311.543	NaN
653	44.861	311.409	NaN
654	44.932	311.275	NaN
655	45.004	311.140	NaN
656	45.073	311.004	NaN
657	45.142	310.867	NaN
658	45.211	310.731	NaN
659	45.280	310.594	NaN
660	45.349	310.457	NaN
661	45.419	310.320	NaN
662	45.488	310.184	NaN
663	45.557	310.047	NaN
664	45.627	309.910	NaN
665	45.696	309.772	NaN
666	45.766	309.635	NaN
667	45.835	309.498	NaN
668	45.905	309.361	NaN
669	45.974	309.223	NaN
670	46.043	309.084	NaN
671	46.112	308.944	NaN
672	46.180	308.804	NaN
673	46.249	308.664	NaN
674	46.318	308.524	NaN
675	46.387	308.384	NaN
676	46.455	308.244	NaN
677	46.524	308.103	NaN
678	46.593	307.963	NaN
679	46.662	307.822	NaN
680	46.731	307.681	NaN
681	46.800	307.540	NaN
682	46.870	307.399	NaN
683	46.939	307.258	NaN
684	47.008	307.117	NaN
685	47.078	306.975	NaN
686	47.149	306.834	NaN
687	47.219	306.692	NaN
688	47.290	306.550	NaN
689	47.360	306.408	NaN
690	47.431	306.266	NaN
691	47.502	306.124	NaN
692	47.572	305.981	NaN
693	47.643	305.839	NaN
694	47.714	305.697	NaN
695	47.785	305.554	NaN
696	47.856	305.411	NaN
697	47.927	305.268	NaN
698	47.998	305.125	NaN
699	48.069	304.985	NaN
700	48.141	304.844	NaN
701	48.213	304.703	NaN
702	48.285	304.562	NaN
703	48.357	304.421	NaN
704	48.429	304.280	NaN
705	48.501	304.139	NaN
706	48.573	303.997	NaN
707	48.645	303.856	NaN
708	48.717	303.714	NaN
709	48.789	303.572	NaN
710	48.861	303.431	NaN
711	48.934	303.289	NaN
712	49.006	303.147	NaN
713	49.077	303.011	NaN
714	49.148	302.874	NaN
715	49.219	302.737	NaN
716	49.291	302.600	NaN
717	49.362	302.463	NaN
718	49.433	302.326	NaN
719	49.505	302.189	NaN
720	49.576	302.052	NaN
721	49.648	301.915	NaN
722	49.719	301.777	NaN
723	49.791	301.640	NaN
724	49.863	301.502	NaN
725	49.934	301.364	NaN
726	50.006	301.227	NaN
727	50.075	301.098	NaN
728	50.145	300.969	NaN
729	50.215	300.840	NaN
730	50.284	300.711	NaN
731	50.354	300.582	NaN
732	50.424	300.453	NaN
733	50.493	300.324	NaN
734	50.563	300.194	NaN
735	50.633	300.064	NaN
736	50.703	299.935	NaN
737	50.773	299.805	NaN
738	50.843	299.675	NaN
739	50.913	299.545	NaN
740	50.983	299.415	NaN
741	51.053	299.292	NaN
742	51.121	299.172	NaN
743	51.190	299.051	NaN
744	51.259	298.930	NaN
745	51.328	298.809	NaN
746	51.397	298.688	NaN
747	51.467	298.567	NaN
748	51.536	298.446	NaN
749	51.605	298.324	NaN
750	51.674	298.203	NaN
751	51.744	298.082	NaN
752	51.813	297.960	NaN
753	51.882	297.838	NaN
754	51.952	297.717	NaN
755	52.022	297.595	NaN
756	52.093	297.476	NaN
757	52.164	297.357	NaN
758	52.235	297.237	NaN
759	52.306	297.117	NaN
760	52.377	296.997	NaN
761	52.449	296.878	NaN
762	52.520	296.758	NaN
763	52.591	296.638	NaN
764	52.663	296.517	NaN
765	52.734	296.397	NaN
766	52.806	296.277	NaN
767	52.877	296.157	NaN
768	52.949	296.036	NaN
769	53.021	295.915	NaN
770	53.095	295.794	NaN
771	53.169	295.672	NaN
772	53.243	295.550	NaN
773	53.317	295.429	NaN
774	53.391	295.307	NaN
775	53.466	295.185	NaN
776	53.540	295.063	NaN
777	53.614	294.941	NaN
778	53.688	294.818	NaN
779	53.763	294.696	NaN
780	53.837	294.574	NaN
781	53.912	294.451	NaN
782	53.986	294.329	NaN
783	54.061	294.206	NaN
784	54.137	294.084	NaN
785	54.213	293.962	NaN
786	54.288	293.839	NaN
787	54.364	293.716	NaN
788	54.440	293.594	NaN
789	54.516	293.471	NaN
790	54.592	293.348	NaN
791	54.667	293.225	NaN
792	54.743	293.102	NaN
793	54.820	292.979	NaN
794	54.896	292.856	NaN
795	54.972	292.732	NaN
796	55.047	292.612	NaN
797	55.122	292.492	NaN
798	55.197	292.372	NaN
799	55.272	292.253	NaN
800	55.347	292.133	NaN
801	55.422	292.013	NaN
802	55.497	291.893	NaN
803	55.572	291.773	NaN
804	55.647	291.653	NaN
805	55.722	291.533	NaN
806	55.797	291.413	NaN
807	55.873	291.292	NaN
808	55.948	291.172	NaN
809	56.023	291.052	NaN
810	56.098	290.932	NaN
811	56.173	290.813	NaN
812	56.248	290.693	NaN
813	56.323	290.573	NaN
814	56.398	290.454	NaN
815	56.474	290.334	NaN
816	56.549	290.214	NaN
817	56.624	290.094	NaN
818	56.699	289.974	NaN
819	56.775	289.853	NaN
820	56.850	289.733	NaN
821	56.926	289.613	NaN
822	57.001	289.492	NaN
823	57.077	289.370	NaN
824	57.153	289.247	NaN
825	57.229	289.124	NaN
826	57.305	289.002	NaN
827	57.381	288.879	NaN
828	57.457	288.756	NaN
829	57.533	288.633	NaN
830	57.609	288.510	NaN
831	57.685	288.387	NaN
832	57.762	288.263	NaN
833	57.838	288.140	NaN
834	57.915	288.017	NaN
835	57.991	287.893	NaN
836	58.068	287.766	NaN
837	58.146	287.638	NaN
838	58.223	287.510	NaN
839	58.300	287.382	NaN
840	58.378	287.253	NaN
841	58.456	287.125	NaN
842	58.533	286.997	NaN
843	58.611	286.868	NaN
844	58.689	286.739	NaN
845	58.767	286.611	NaN
846	58.844	286.482	NaN
847	58.922	286.353	NaN
848	59.000	286.224	NaN
849	59.080	286.089	NaN
850	59.160	285.953	NaN
851	59.239	285.818	NaN
852	59.319	285.682	NaN
853	59.399	285.547	NaN
854	59.479	285.411	NaN
855	59.559	285.275	NaN
856	59.639	285.139	NaN
857	59.719	285.003	NaN
858	59.799	284.867	NaN
859	59.879	284.731	NaN
860	59.959	284.594	NaN
861	60.041	284.455	NaN
862	60.123	284.313	NaN
863	60.206	284.172	NaN
864	60.289	284.029	NaN
865	60.372	283.887	NaN
866	60.455	283.745	NaN
867	60.538	283.602	NaN
868	60.621	283.460	NaN
869	60.704	283.317	NaN
870	60.787	283.175	NaN
871	60.870	283.032	NaN
872	60.954	282.889	NaN
873	61.039	282.744	NaN
874	61.125	282.596	NaN
875	61.211	282.448	NaN
876	61.298	282.300	NaN
877	61.385	282.152	NaN
878	61.471	282.003	NaN
879	61.558	281.855	NaN
880	61.645	281.706	NaN
881	61.732	281.558	NaN
882	61.819	281.409	NaN
883	61.906	281.260	NaN
884	61.993	281.111	NaN
885	62.082	280.958	NaN
886	62.172	280.805	NaN
887	62.262	280.652	NaN
888	62.352	280.499	NaN
889	62.442	280.345	NaN
890	62.532	280.191	NaN
891	62.622	280.037	NaN
892	62.712	279.884	NaN
893	62.802	279.730	NaN
894	62.893	279.575	NaN
895	62.983	279.421	NaN
896	63.075	279.264	NaN
897	63.167	279.106	NaN
898	63.259	278.947	NaN
899	63.351	278.789	NaN
900	63.443	278.631	NaN
901	63.536	278.472	NaN
902	63.628	278.313	NaN
903	63.720	278.155	NaN
904	63.813	277.996	NaN
905	63.905	277.836	NaN
906	63.998	277.677	NaN
907	64.091	277.515	NaN
908	64.183	277.352	NaN
909	64.276	277.190	NaN
910	64.369	277.027	NaN
911	64.461	276.864	NaN
912	64.554	276.701	NaN
913	64.647	276.538	NaN
914	64.740	276.375	NaN
915	64.833	276.211	NaN
916	64.926	276.048	NaN
917	65.020	275.883	NaN
918	65.112	275.717	NaN
919	65.205	275.551	NaN
920	65.297	275.385	NaN
921	65.390	275.219	NaN
922	65.483	275.052	NaN
923	65.576	274.886	NaN
924	65.669	274.719	NaN
925	65.762	274.552	NaN
926	65.855	274.385	NaN
927	65.948	274.218	NaN
928	66.041	274.050	NaN
929	66.134	273.882	NaN
930	66.227	273.713	NaN
931	66.320	273.544	NaN
932	66.412	273.375	NaN
933	66.505	273.206	NaN
934	66.598	273.037	NaN
935	66.691	272.867	NaN
936	66.785	272.698	NaN
937	66.878	272.528	NaN
938	66.971	272.358	NaN
939	67.064	272.188	NaN
940	67.157	272.017	NaN
941	67.250	271.846	NaN
942	67.343	271.676	NaN
943	67.436	271.505	NaN
944	67.529	271.333	NaN
945	67.622	271.162	NaN
946	67.715	270.991	NaN
947	67.809	270.819	NaN
948	67.902	270.647	NaN
949	67.996	270.475	NaN
950	68.088	270.304	NaN
951	68.181	270.132	NaN
952	68.273	269.961	NaN
953	68.366	269.789	NaN
954	68.459	269.617	NaN
955	68.552	269.445	NaN
956	68.644	269.273	NaN
957	68.737	269.100	NaN
958	68.830	268.928	NaN
959	68.924	268.755	NaN
960	69.017	268.583	NaN
961	69.109	268.411	NaN
962	69.202	268.240	NaN
963	69.295	268.068	NaN
964	69.387	267.896	NaN
965	69.480	267.724	NaN
966	69.573	267.552	NaN
967	69.666	267.379	NaN
968	69.759	267.207	NaN
969	69.852	267.034	NaN
970	69.946	266.861	NaN
971	70.039	266.689	NaN
972	70.131	266.518	NaN
973	70.224	266.346	NaN
974	70.316	266.175	NaN
975	70.409	266.003	NaN
976	70.502	265.831	NaN
977	70.595	265.659	NaN
978	70.687	265.487	NaN
979	70.780	265.315	NaN
980	70.874	265.142	NaN
981	70.967	264.970	NaN
982	71.059	264.799	NaN
983	71.151	264.629	NaN
984	71.243	264.460	NaN
985	71.335	264.290	NaN
986	71.427	264.119	NaN
987	71.519	263.949	NaN
988	71.612	263.779	NaN
989	71.704	263.608	NaN
990	71.796	263.438	NaN
991	71.889	263.267	NaN
992	71.981	263.096	NaN
993	72.072	262.928	NaN
994	72.163	262.761	NaN
995	72.253	262.594	NaN
996	72.344	262.427	NaN
997	72.435	262.260	NaN
998	72.526	262.092	NaN
999	72.616	261.924	NaN
1000	72.707	261.757	NaN
1001	72.798	261.589	NaN
1002	72.890	261.421	NaN
1003	72.981	261.252	NaN
1004	73.070	261.088	NaN
1005	73.159	260.925	NaN
1006	73.248	260.762	NaN
1007	73.336	260.599	NaN
1008	73.425	260.435	NaN
1009	73.514	260.271	NaN
1010	73.604	260.108	NaN
1011	73.693	259.944	NaN
1012	73.782	259.779	NaN
1013	73.871	259.615	NaN
1014	73.961	259.451	NaN
1015	74.049	259.290	NaN
1016	74.136	259.132	NaN
1017	74.223	258.974	NaN
1018	74.310	258.815	NaN
1019	74.397	258.657	NaN
1020	74.484	258.498	NaN
1021	74.572	258.340	NaN
1022	74.659	258.181	NaN
1023	74.747	258.022	NaN
1024	74.834	257.863	NaN
1025	74.922	257.703	NaN
1026	75.009	257.545	NaN
1027	75.095	257.394	NaN
1028	75.181	257.243	NaN
1029	75.267	257.091	NaN
1030	75.352	256.940	NaN
1031	75.438	256.788	NaN
1032	75.524	256.636	NaN
1033	75.610	256.484	NaN
1034	75.697	256.332	NaN
1035	75.783	256.180	NaN
1036	75.869	256.028	NaN
1037	75.955	255.876	NaN
1038	76.040	255.728	NaN
1039	76.124	255.586	NaN
1040	76.208	255.444	NaN
1041	76.292	255.301	NaN
1042	76.376	255.159	NaN
1043	76.460	255.016	NaN
1044	76.544	254.873	NaN
1045	76.628	254.730	NaN
1046	76.712	254.587	NaN
1047	76.797	254.444	NaN
1048	76.881	254.301	NaN
1049	76.965	254.158	NaN
1050	77.047	254.021	NaN
1051	77.127	253.890	NaN
1052	77.207	253.758	NaN
1053	77.286	253.627	NaN
1054	77.366	253.495	NaN
1055	77.446	253.363	NaN
1056	77.526	253.231	NaN
1057	77.606	253.099	NaN
1058	77.687	252.967	NaN
1059	77.767	252.835	NaN
1060	77.847	252.703	NaN
1061	77.927	252.570	NaN
1062	78.007	252.439	NaN
1063	78.083	252.319	NaN
1064	78.159	252.199	NaN
1065	78.235	252.078	NaN
1066	78.311	251.958	NaN
1067	78.388	251.838	NaN
1068	78.464	251.717	NaN
1069	78.540	251.597	NaN
1070	78.616	251.476	NaN
1071	78.693	251.355	NaN
1072	78.769	251.234	NaN
1073	78.846	251.113	NaN
1074	78.922	250.992	NaN
1075	78.999	250.871	NaN
1076	79.072	250.758	NaN
1077	79.145	250.645	NaN
1078	79.218	250.531	NaN
1079	79.291	250.418	NaN
1080	79.364	250.304	NaN
1081	79.437	250.191	NaN
1082	79.510	250.077	NaN
1083	79.583	249.963	NaN
1084	79.657	249.850	NaN
1085	79.730	249.736	NaN
1086	79.804	249.622	NaN
1087	79.877	249.507	NaN
1088	79.951	249.393	NaN
1089	80.024	249.280	NaN
1090	80.095	249.169	NaN
1091	80.167	249.057	NaN
1092	80.239	248.946	NaN
1093	80.310	248.835	NaN
1094	80.382	248.723	NaN
1095	80.454	248.611	NaN
1096	80.526	248.499	NaN
1097	80.598	248.388	NaN
1098	80.670	248.276	NaN
1099	80.742	248.164	NaN
1100	80.814	248.052	NaN
1101	80.887	247.939	NaN
1102	80.959	247.827	NaN
1103	81.032	247.714	NaN
1104	81.105	247.599	NaN
1105	81.179	247.484	NaN
1106	81.253	247.369	NaN
1107	81.327	247.255	NaN
1108	81.401	247.139	NaN
1109	81.475	247.024	NaN
1110	81.549	246.909	NaN
1111	81.623	246.794	NaN
1112	81.697	246.678	NaN
1113	81.771	246.563	NaN
1114	81.846	246.447	NaN
1115	81.920	246.332	NaN
1116	81.994	246.216	NaN
1117	82.072	246.093	NaN
1118	82.151	245.969	NaN
1119	82.229	245.845	NaN
1120	82.308	245.721	NaN
1121	82.387	245.597	NaN
1122	82.465	245.473	NaN
1123	82.544	245.349	NaN
1124	82.623	245.225	NaN
1125	82.702	245.100	NaN
1126	82.781	244.976	NaN
1127	82.860	244.851	NaN
1128	82.939	244.727	NaN
1129	83.019	244.600	NaN
1130	83.105	244.465	NaN
1131	83.190	244.330	NaN
1132	83.276	244.195	NaN
1133	83.361	244.061	NaN
1134	83.447	243.926	NaN
1135	83.532	243.790	NaN
1136	83.618	243.655	NaN
1137	83.704	243.520	NaN
1138	83.790	243.384	NaN
1139	83.876	243.249	NaN
1140	83.962	243.113	NaN
1141	84.051	242.973	NaN
1142	84.142	242.829	NaN
1143	84.234	242.686	NaN
1144	84.326	242.542	NaN
1145	84.417	242.398	NaN
1146	84.509	242.254	NaN
1147	84.601	242.109	NaN
1148	84.693	241.965	NaN
1149	84.785	241.821	NaN
1150	84.877	241.676	NaN
1151	84.969	241.531	NaN
1152	85.064	241.383	NaN
1153	85.159	241.233	NaN
1154	85.255	241.082	NaN
1155	85.350	240.932	NaN
1156	85.446	240.781	NaN
1157	85.542	240.630	NaN
1158	85.638	240.479	NaN
1159	85.734	240.328	NaN
1160	85.830	240.177	NaN
1161	85.926	240.025	NaN
1162	86.023	239.873	NaN
1163	86.120	239.720	NaN
1164	86.218	239.566	NaN
1165	86.316	239.412	NaN
1166	86.414	239.258	NaN
1167	86.512	239.104	NaN
1168	86.610	238.949	NaN
1169	86.708	238.795	NaN
1170	86.807	238.640	NaN
1171	86.905	238.485	NaN
1172	87.004	238.331	NaN
1173	87.102	238.177	NaN
1174	87.201	238.023	NaN
1175	87.299	237.868	NaN
1176	87.398	237.714	NaN
1177	87.497	237.559	NaN
1178	87.596	237.405	NaN
1179	87.695	237.250	NaN
1180	87.794	237.095	NaN
1181	87.894	236.940	NaN
1182	87.993	236.785	NaN
1183	88.091	236.633	NaN
1184	88.189	236.482	NaN
1185	88.287	236.330	NaN
1186	88.385	236.179	NaN
1187	88.483	236.027	NaN
1188	88.581	235.875	NaN
1189	88.679	235.723	NaN
1190	88.778	235.571	NaN
1191	88.876	235.418	NaN
1192	88.975	235.266	NaN
1193	89.070	235.119	NaN
1194	89.165	234.973	NaN
1195	89.260	234.828	NaN
1196	89.355	234.682	NaN
1197	89.449	234.536	NaN
1198	89.544	234.390	NaN
1199	89.639	234.244	NaN
1200	89.735	234.098	NaN
1201	89.830	233.951	NaN
1202	89.925	233.805	NaN
1203	90.019	233.660	NaN
1204	90.108	233.524	NaN
1205	90.196	233.387	NaN
1206	90.285	233.250	NaN
1207	90.374	233.112	NaN
1208	90.462	232.975	NaN
1209	90.551	232.838	NaN
1210	90.640	232.700	NaN
1211	90.729	232.562	NaN
1212	90.819	232.425	NaN
1213	90.908	232.287	NaN
1214	90.997	232.149	NaN
1215	91.079	232.019	NaN
1216	91.161	231.890	NaN
1217	91.244	231.760	NaN
1218	91.326	231.631	NaN
1219	91.408	231.501	NaN
1220	91.491	231.372	NaN
1221	91.573	231.242	NaN
1222	91.656	231.112	NaN
1223	91.738	230.982	NaN
1224	91.821	230.852	NaN
1225	91.904	230.721	NaN
1226	91.986	230.591	NaN
1227	92.064	230.467	NaN
1228	92.141	230.344	NaN
1229	92.218	230.221	NaN
1230	92.295	230.097	NaN
1231	92.372	229.974	NaN
1232	92.449	229.851	NaN
1233	92.527	229.727	NaN
1234	92.604	229.603	NaN
1235	92.681	229.480	NaN
1236	92.759	229.356	NaN
1237	92.836	229.232	NaN
1238	92.914	229.108	NaN
1239	92.991	228.984	NaN
1240	93.066	228.865	NaN
1241	93.140	228.747	NaN
1242	93.214	228.628	NaN
1243	93.288	228.510	NaN
1244	93.363	228.392	NaN
1245	93.437	228.273	NaN
1246	93.511	228.155	NaN
1247	93.586	228.036	NaN
1248	93.660	227.917	NaN
1249	93.735	227.798	NaN
1250	93.810	227.679	NaN
1251	93.885	227.560	NaN
1252	93.959	227.440	NaN
1253	94.034	227.323	NaN
1254	94.107	227.209	NaN
1255	94.181	227.094	NaN
1256	94.254	226.979	NaN
1257	94.328	226.864	NaN
1258	94.402	226.749	NaN
1259	94.476	226.634	NaN
1260	94.550	226.519	NaN
1261	94.624	226.404	NaN
1262	94.698	226.288	NaN
1263	94.772	226.173	NaN
1264	94.846	226.057	NaN
1265	94.921	225.942	NaN
1266	94.995	225.826	NaN
1267	95.068	225.713	NaN
1268	95.141	225.601	NaN
1269	95.214	225.488	NaN
1270	95.287	225.375	NaN
1271	95.360	225.262	NaN
1272	95.433	225.149	NaN
1273	95.507	225.036	NaN
1274	95.580	224.923	NaN
1275	95.653	224.810	NaN
1276	95.727	224.697	NaN
1277	95.800	224.583	NaN
1278	95.874	224.470	NaN
1279	95.948	224.356	NaN
1280	96.021	224.243	NaN
1281	96.093	224.131	NaN
1282	96.165	224.018	NaN
1283	96.238	223.906	NaN
1284	96.310	223.794	NaN
1285	96.383	223.681	NaN
1286	96.455	223.568	NaN
1287	96.528	223.456	NaN
1288	96.600	223.343	NaN
1289	96.673	223.230	NaN
1290	96.746	223.117	NaN
1291	96.819	223.004	NaN
1292	96.892	222.890	NaN
1293	96.965	222.777	NaN
1294	97.037	222.663	NaN
1295	97.109	222.549	NaN
1296	97.181	222.435	NaN
1297	97.254	222.321	NaN
1298	97.326	222.207	NaN
1299	97.398	222.092	NaN
1300	97.471	221.978	NaN
1301	97.543	221.863	NaN
1302	97.615	221.749	NaN
1303	97.688	221.634	NaN
1304	97.761	221.519	NaN
1305	97.833	221.404	NaN
1306	97.906	221.289	NaN
1307	97.979	221.174	NaN
1308	98.052	221.056	NaN
1309	98.125	220.938	NaN
1310	98.199	220.820	NaN
1311	98.272	220.701	NaN
1312	98.346	220.583	NaN
1313	98.419	220.464	NaN
1314	98.493	220.346	NaN
1315	98.566	220.227	NaN
1316	98.640	220.108	NaN
1317	98.714	219.989	NaN
1318	98.788	219.870	NaN
1319	98.862	219.750	NaN
1320	98.936	219.631	NaN
1321	99.010	219.511	NaN
1322	99.085	219.387	NaN
1323	99.161	219.263	NaN
1324	99.237	219.139	NaN
1325	99.313	219.015	NaN
1326	99.389	218.890	NaN
1327	99.465	218.766	NaN
1328	99.541	218.641	NaN
1329	99.617	218.516	NaN
1330	99.693	218.391	NaN
1331	99.770	218.266	NaN
1332	99.846	218.141	NaN
1333	99.923	218.016	NaN
1334	99.999	217.891	NaN
1335	100.076	217.760	NaN
1336	100.153	217.629	NaN
1337	100.230	217.499	NaN
1338	100.308	217.368	NaN
1339	100.385	217.236	NaN
1340	100.462	217.105	NaN
1341	100.540	216.974	NaN
1342	100.617	216.842	NaN
1343	100.695	216.711	NaN
1344	100.773	216.579	NaN
1345	100.850	216.447	NaN
1346	100.928	216.315	NaN
1347	101.006	216.182	NaN
1348	101.083	216.045	NaN
1349	101.161	215.907	NaN
1350	101.238	215.769	NaN
1351	101.315	215.631	NaN
1352	101.393	215.493	NaN
1353	101.470	215.354	NaN
1354	101.548	215.216	NaN
1355	101.626	215.077	NaN
1356	101.704	214.938	NaN
1357	101.781	214.799	NaN
1358	101.859	214.660	NaN
1359	101.937	214.521	NaN
1360	102.015	214.381	NaN
1361	102.092	214.238	NaN
1362	102.169	214.095	NaN
1363	102.246	213.951	NaN
1364	102.323	213.807	NaN
1365	102.400	213.664	NaN
1366	102.477	213.520	NaN
1367	102.554	213.376	NaN
1368	102.631	213.231	NaN
1369	102.708	213.087	NaN
1370	102.786	212.943	NaN
1371	102.863	212.798	NaN
1372	102.941	212.653	NaN
1373	103.017	212.508	NaN
1374	103.091	212.360	NaN
1375	103.164	212.213	NaN
1376	103.238	212.065	NaN
1377	103.311	211.917	NaN
1378	103.385	211.770	NaN
1379	103.459	211.622	NaN
1380	103.532	211.473	NaN
1381	103.606	211.325	NaN
1382	103.680	211.176	NaN
1383	103.754	211.028	NaN
1384	103.828	210.879	NaN
1385	103.903	210.730	NaN
1386	103.977	210.581	NaN
1387	104.049	210.431	NaN
1388	104.120	210.281	NaN
1389	104.191	210.130	NaN
1390	104.262	209.980	NaN
1391	104.333	209.829	NaN
1392	104.404	209.678	NaN
1393	104.475	209.527	NaN
1394	104.546	209.375	NaN
1395	104.618	209.224	NaN
1396	104.689	209.072	NaN
1397	104.761	208.921	NaN
1398	104.832	208.769	NaN
1399	104.904	208.617	NaN
1400	104.976	208.464	NaN
1401	105.045	208.313	NaN
1402	105.113	208.161	NaN
1403	105.181	208.010	NaN
1404	105.250	207.858	NaN
1405	105.318	207.706	NaN
1406	105.386	207.554	NaN
1407	105.455	207.402	NaN
1408	105.523	207.249	NaN
1409	105.592	207.097	NaN
1410	105.660	206.944	NaN
1411	105.729	206.791	NaN
1412	105.798	206.638	NaN
1413	105.867	206.485	NaN
1414	105.936	206.331	NaN
1415	106.005	206.178	NaN
1416	106.071	206.028	NaN
1417	106.137	205.877	NaN
1418	106.203	205.727	NaN
1419	106.270	205.576	NaN
1420	106.336	205.425	NaN
1421	106.403	205.274	NaN
1422	106.469	205.122	NaN
1423	106.536	204.971	NaN
1424	106.603	204.819	NaN
1425	106.670	204.667	NaN
1426	106.737	204.516	NaN
1427	106.803	204.363	NaN
1428	106.870	204.211	NaN
1429	106.938	204.059	NaN
1430	107.005	203.907	NaN
1431	107.072	203.759	NaN
1432	107.139	203.612	NaN
1433	107.206	203.464	NaN
1434	107.274	203.316	NaN
1435	107.341	203.168	NaN
1436	107.409	203.020	NaN
1437	107.476	202.872	NaN
1438	107.544	202.723	NaN
1439	107.612	202.574	NaN
1440	107.680	202.426	NaN
1441	107.747	202.277	NaN
1442	107.815	202.128	NaN
1443	107.883	201.978	NaN
1444	107.952	201.829	NaN
1445	108.019	201.681	NaN
1446	108.086	201.538	NaN
1447	108.152	201.395	NaN
1448	108.219	201.251	NaN
1449	108.286	201.108	NaN
1450	108.352	200.964	NaN
1451	108.419	200.820	NaN
1452	108.486	200.676	NaN
1453	108.553	200.532	NaN
1454	108.620	200.388	NaN
1455	108.687	200.243	NaN
1456	108.755	200.099	NaN
1457	108.822	199.954	NaN
1458	108.889	199.809	NaN
1459	108.957	199.664	NaN
1460	109.023	199.522	NaN
1461	109.087	199.385	NaN
1462	109.151	199.248	NaN
1463	109.215	199.111	NaN
1464	109.279	198.974	NaN
1465	109.343	198.837	NaN
1466	109.407	198.700	NaN
1467	109.471	198.562	NaN
1468	109.536	198.424	NaN
1469	109.600	198.286	NaN
1470	109.665	198.148	NaN
1471	109.729	198.010	NaN
1472	109.794	197.872	NaN
1473	109.859	197.734	NaN
1474	109.923	197.595	NaN
1475	109.988	197.456	NaN
1476	110.048	197.325	NaN
1477	110.108	197.195	NaN
1478	110.167	197.064	NaN
1479	110.227	196.934	NaN
1480	110.286	196.803	NaN
1481	110.346	196.673	NaN
1482	110.406	196.542	NaN
1483	110.465	196.411	NaN
1484	110.525	196.280	NaN
1485	110.585	196.149	NaN
1486	110.645	196.017	NaN
1487	110.705	195.886	NaN
1488	110.765	195.754	NaN
1489	110.825	195.622	NaN
1490	110.885	195.490	NaN
1491	110.946	195.358	NaN
1492	111.006	195.227	NaN
1493	111.064	195.104	NaN
1494	111.123	194.981	NaN
1495	111.182	194.857	NaN
1496	111.240	194.734	NaN
1497	111.299	194.610	NaN
1498	111.358	194.486	NaN
1499	111.417	194.362	NaN
1500	111.476	194.238	NaN
1501	111.535	194.114	NaN
1502	111.594	193.990	NaN
1503	111.653	193.865	NaN
1504	111.712	193.741	NaN
1505	111.772	193.616	NaN
1506	111.831	193.491	NaN
1507	111.891	193.366	NaN
1508	111.950	193.241	NaN
1509	112.010	193.117	NaN
1510	112.069	193.001	NaN
1511	112.129	192.885	NaN
1512	112.189	192.769	NaN
1513	112.248	192.652	NaN
1514	112.308	192.536	NaN
1515	112.368	192.419	NaN
1516	112.428	192.302	NaN
1517	112.488	192.185	NaN
1518	112.548	192.068	NaN
1519	112.609	191.951	NaN
1520	112.669	191.833	NaN
1521	112.729	191.716	NaN
1522	112.790	191.598	NaN
1523	112.850	191.481	NaN
1524	112.911	191.363	NaN
1525	112.971	191.245	NaN
1526	113.032	191.132	NaN
1527	113.092	191.022	NaN
1528	113.152	190.913	NaN
1529	113.213	190.803	NaN
1530	113.273	190.694	NaN
1531	113.334	190.584	NaN
1532	113.394	190.474	NaN
1533	113.455	190.364	NaN
1534	113.516	190.254	NaN
1535	113.576	190.144	NaN
1536	113.637	190.034	NaN
1537	113.698	189.923	NaN
1538	113.759	189.813	NaN
1539	113.820	189.702	NaN
1540	113.881	189.591	NaN
1541	113.943	189.480	NaN
1542	114.004	189.370	NaN
1543	114.063	189.268	NaN
1544	114.123	189.166	NaN
1545	114.182	189.064	NaN
1546	114.242	188.962	NaN
1547	114.302	188.860	NaN
1548	114.361	188.757	NaN
1549	114.421	188.655	NaN
1550	114.481	188.552	NaN
1551	114.541	188.449	NaN
1552	114.601	188.347	NaN
1553	114.661	188.244	NaN
1554	114.721	188.141	NaN
1555	114.781	188.037	NaN
1556	114.842	187.934	NaN
1557	114.902	187.831	NaN
1558	114.962	187.727	NaN
1559	115.022	187.627	NaN
1560	115.080	187.533	NaN
1561	115.138	187.438	NaN
1562	115.196	187.344	NaN
1563	115.254	187.249	NaN
1564	115.312	187.155	NaN
1565	115.370	187.060	NaN
1566	115.428	186.965	NaN
1567	115.487	186.870	NaN
1568	115.545	186.775	NaN
1569	115.603	186.679	NaN
1570	115.662	186.584	NaN
1571	115.721	186.489	NaN
1572	115.779	186.393	NaN
1573	115.838	186.297	NaN
1574	115.897	186.202	NaN
1575	115.956	186.106	NaN
1576	116.014	186.012	NaN
1577	116.070	185.926	NaN
1578	116.126	185.839	NaN
1579	116.182	185.752	NaN
1580	116.238	185.666	NaN
1581	116.295	185.579	NaN
1582	116.351	185.492	NaN
1583	116.408	185.405	NaN
1584	116.464	185.318	NaN
1585	116.521	185.231	NaN
1586	116.577	185.143	NaN
1587	116.634	185.056	NaN
1588	116.691	184.968	NaN
1589	116.748	184.881	NaN
1590	116.805	184.793	NaN
1591	116.862	184.705	NaN
1592	116.919	184.617	NaN
1593	116.976	184.529	NaN
1594	117.031	184.447	NaN
1595	117.085	184.368	NaN
1596	117.139	184.290	NaN
1597	117.192	184.211	NaN
1598	117.246	184.132	NaN
1599	117.301	184.053	NaN
1600	117.355	183.974	NaN
1601	117.409	183.895	NaN
1602	117.463	183.816	NaN
1603	117.517	183.737	NaN
1604	117.572	183.657	NaN
1605	117.626	183.578	NaN
1606	117.681	183.498	NaN
1607	117.735	183.419	NaN
1608	117.790	183.339	NaN
1609	117.844	183.259	NaN
1610	117.899	183.179	NaN
1611	117.954	183.099	NaN
1612	118.008	183.021	NaN
1613	118.059	182.950	NaN
1614	118.111	182.880	NaN
1615	118.162	182.809	NaN
1616	118.214	182.738	NaN
1617	118.265	182.667	NaN
1618	118.317	182.596	NaN
1619	118.368	182.525	NaN
1620	118.420	182.454	NaN
1621	118.472	182.382	NaN
1622	118.524	182.311	NaN
1623	118.576	182.240	NaN
1624	118.628	182.168	NaN
1625	118.680	182.097	NaN
1626	118.732	182.025	NaN
1627	118.784	181.953	NaN
1628	118.836	181.881	NaN
1629	118.888	181.810	NaN
1630	118.940	181.738	NaN
1631	118.993	181.666	NaN
1632	119.042	181.602	NaN
1633	119.090	181.540	NaN
1634	119.139	181.477	NaN
1635	119.188	181.415	NaN
1636	119.237	181.352	NaN
1637	119.286	181.290	NaN
1638	119.334	181.227	NaN
1639	119.383	181.164	NaN
1640	119.433	181.101	NaN
1641	119.482	181.038	NaN
1642	119.531	180.975	NaN
1643	119.580	180.912	NaN
1644	119.629	180.849	NaN
1645	119.678	180.786	NaN
1646	119.728	180.723	NaN
1647	119.777	180.660	NaN
1648	119.827	180.596	NaN
1649	119.876	180.533	NaN
1650	119.926	180.469	NaN
1651	119.975	180.406	NaN
1652	120.023	180.347	NaN
1653	120.069	180.293	NaN
1654	120.115	180.238	NaN
1655	120.160	180.184	NaN
1656	120.206	180.130	NaN
1657	120.252	180.075	NaN
1658	120.298	180.020	NaN
1659	120.344	179.966	NaN
1660	120.390	179.911	NaN
1661	120.437	179.856	NaN
1662	120.483	179.802	NaN
1663	120.529	179.747	NaN
1664	120.575	179.692	NaN
1665	120.622	179.637	NaN
1666	120.668	179.582	NaN
1667	120.715	179.527	NaN
1668	120.761	179.472	NaN
1669	120.808	179.416	NaN
1670	120.854	179.361	NaN
1671	120.901	179.306	NaN
1672	120.948	179.250	NaN
1673	120.994	179.195	NaN
1674	121.038	179.146	NaN
1675	121.082	179.099	NaN
1676	121.125	179.051	NaN
1677	121.169	179.003	NaN
1678	121.213	178.956	NaN
1679	121.256	178.908	NaN
1680	121.300	178.860	NaN
1681	121.344	178.812	NaN
1682	121.388	178.764	NaN
1683	121.432	178.716	NaN
1684	121.476	178.668	NaN
1685	121.520	178.619	NaN
1686	121.564	178.571	NaN
1687	121.608	178.523	NaN
1688	121.652	178.475	NaN
1689	121.696	178.426	NaN
1690	121.740	178.378	NaN
1691	121.785	178.329	NaN
1692	121.829	178.281	NaN
1693	121.873	178.232	NaN
1694	121.918	178.184	NaN
1695	121.962	178.135	NaN
1696	122.006	178.087	NaN
1697	122.048	178.045	NaN
1698	122.090	178.003	NaN
1699	122.132	177.960	NaN
1700	122.174	177.918	NaN
1701	122.216	177.875	NaN
1702	122.258	177.833	NaN
1703	122.300	177.791	NaN
1704	122.343	177.748	NaN
1705	122.385	177.705	NaN
1706	122.427	177.663	NaN
1707	122.470	177.620	NaN
1708	122.512	177.577	NaN
1709	122.554	177.535	NaN
1710	122.597	177.492	NaN
1711	122.639	177.449	NaN
1712	122.682	177.406	NaN
1713	122.725	177.363	NaN
1714	122.767	177.320	NaN
1715	122.810	177.277	NaN
1716	122.853	177.234	NaN
1717	122.896	177.191	NaN
1718	122.938	177.147	NaN
1719	122.981	177.104	NaN
1720	123.023	177.064	NaN
1721	123.064	177.026	NaN
1722	123.105	176.988	NaN
1723	123.146	176.950	NaN
1724	123.187	176.912	NaN
1725	123.228	176.873	NaN
1726	123.269	176.835	NaN
1727	123.310	176.797	NaN
1728	123.351	176.759	NaN
1729	123.392	176.720	NaN
1730	123.434	176.682	NaN
1731	123.475	176.644	NaN
1732	123.516	176.605	NaN
1733	123.558	176.567	NaN
1734	123.599	176.528	NaN
1735	123.641	176.490	NaN
1736	123.682	176.451	NaN
1737	123.724	176.412	NaN
1738	123.765	176.374	NaN
1739	123.807	176.335	NaN
1740	123.849	176.296	NaN
1741	123.890	176.257	NaN
1742	123.932	176.218	NaN
1743	123.974	176.179	NaN
1744	124.015	176.142	NaN
1745	124.056	176.107	NaN
1746	124.096	176.072	NaN
1747	124.137	176.037	NaN
1748	124.177	176.002	NaN
1749	124.218	175.967	NaN
1750	124.258	175.932	NaN
1751	124.299	175.897	NaN
1752	124.340	175.862	NaN
1753	124.380	175.827	NaN
1754	124.421	175.791	NaN
1755	124.462	175.756	NaN
1756	124.503	175.721	NaN
1757	124.544	175.685	NaN
1758	124.585	175.650	NaN
1759	124.626	175.615	NaN
1760	124.667	175.579	NaN
1761	124.708	175.544	NaN
1762	124.749	175.508	NaN
1763	124.790	175.473	NaN
1764	124.831	175.437	NaN
1765	124.873	175.401	NaN
1766	124.914	175.366	NaN
1767	124.955	175.330	NaN
1768	124.997	175.294	NaN
1769	125.037	175.261	NaN
1770	125.078	175.228	NaN
1771	125.119	175.195	NaN
1772	125.159	175.162	NaN
1773	125.200	175.130	NaN
1774	125.241	175.097	NaN
1775	125.282	175.063	NaN
1776	125.323	175.030	NaN
1777	125.363	174.997	NaN
1778	125.404	174.964	NaN
1779	125.445	174.931	NaN
1780	125.486	174.898	NaN
1781	125.528	174.865	NaN
1782	125.569	174.831	NaN
1783	125.610	174.798	NaN
1784	125.651	174.765	NaN
1785	125.692	174.731	NaN
1786	125.734	174.698	NaN
1787	125.775	174.664	NaN
1788	125.817	174.631	NaN
1789	125.858	174.597	NaN
1790	125.900	174.564	NaN
1791	125.941	174.530	NaN
1792	125.983	174.497	NaN
1793	126.024	174.464	NaN
1794	126.065	174.432	NaN
1795	126.106	174.401	NaN
1796	126.148	174.369	NaN
1797	126.189	174.337	NaN
1798	126.230	174.305	NaN
1799	126.272	174.274	NaN
1800	126.313	174.242	NaN
1801	126.355	174.210	NaN
1802	126.396	174.178	NaN
1803	126.438	174.146	NaN
1804	126.479	174.114	NaN
1805	126.521	174.082	NaN
1806	126.563	174.050	NaN
1807	126.605	174.018	NaN
1808	126.646	173.986	NaN
1809	126.688	173.954	NaN
1810	126.730	173.921	NaN
1811	126.772	173.889	NaN
1812	126.814	173.857	NaN
1813	126.856	173.824	NaN
1814	126.898	173.792	NaN
1815	126.941	173.760	NaN
1816	126.983	173.727	NaN
1817	127.025	173.696	NaN
1818	127.067	173.664	NaN
1819	127.110	173.633	NaN
1820	127.152	173.602	NaN
1821	127.195	173.571	NaN
1822	127.237	173.539	NaN
1823	127.280	173.508	NaN
1824	127.322	173.476	NaN
1825	127.365	173.445	NaN
1826	127.408	173.414	NaN
1827	127.450	173.382	NaN
1828	127.493	173.351	NaN
1829	127.536	173.319	NaN
1830	127.579	173.287	NaN
1831	127.622	173.256	NaN
1832	127.665	173.224	NaN
1833	127.708	173.192	NaN
1834	127.751	173.160	NaN
1835	127.794	173.129	NaN
1836	127.837	173.097	NaN
1837	127.881	173.065	NaN
1838	127.924	173.033	NaN
1839	127.967	173.001	NaN
1840	128.011	172.969	NaN
1841	128.055	172.938	NaN
1842	128.099	172.906	NaN
1843	128.143	172.875	NaN
1844	128.188	172.843	NaN
1845	128.232	172.812	NaN
1846	128.277	172.780	NaN
1847	128.321	172.749	NaN
1848	128.366	172.717	NaN
1849	128.410	172.685	NaN
1850	128.455	172.653	NaN
1851	128.500	172.622	NaN
1852	128.544	172.590	NaN
1853	128.589	172.558	NaN
1854	128.634	172.526	NaN
1855	128.679	172.494	NaN
1856	128.724	172.462	NaN
1857	128.769	172.430	NaN
1858	128.814	172.398	NaN
1859	128.859	172.366	NaN
1860	128.904	172.334	NaN
1861	128.950	172.302	NaN
1862	128.995	172.270	NaN
1863	129.041	172.235	NaN
1864	129.088	172.200	NaN
1865	129.135	172.165	NaN
1866	129.182	172.129	NaN
1867	129.230	172.094	NaN
1868	129.277	172.059	NaN
1869	129.324	172.024	NaN
1870	129.371	171.988	NaN
1871	129.418	171.953	NaN
1872	129.466	171.917	NaN
1873	129.513	171.882	NaN
1874	129.561	171.846	NaN
1875	129.608	171.811	NaN
1876	129.656	171.775	NaN
1877	129.703	171.739	NaN
1878	129.751	171.704	NaN
1879	129.799	171.668	NaN
1880	129.847	171.632	NaN
1881	129.895	171.596	NaN
1882	129.943	171.560	NaN
1883	129.991	171.525	NaN
1884	130.042	171.484	NaN
1885	130.094	171.442	NaN
1886	130.147	171.401	NaN
1887	130.199	171.359	NaN
1888	130.252	171.317	NaN
1889	130.304	171.275	NaN
1890	130.357	171.233	NaN
1891	130.410	171.191	NaN
1892	130.463	171.149	NaN
1893	130.516	171.107	NaN
1894	130.569	171.065	NaN
1895	130.622	171.023	NaN
1896	130.675	170.980	NaN
1897	130.728	170.938	NaN
1898	130.781	170.896	NaN
1899	130.834	170.853	NaN
1900	130.888	170.811	NaN
1901	130.941	170.768	NaN
1902	130.994	170.726	NaN
1903	131.055	170.676	NaN
1904	131.117	170.626	NaN
1905	131.179	170.576	NaN
1906	131.241	170.525	NaN
1907	131.304	170.475	NaN
1908	131.366	170.424	NaN
1909	131.428	170.373	NaN
1910	131.491	170.323	NaN
1911	131.553	170.272	NaN
1912	131.616	170.221	NaN
1913	131.678	170.170	NaN
1914	131.741	170.119	NaN
1915	131.804	170.068	NaN
1916	131.867	170.017	NaN
1917	131.930	169.966	NaN
1918	131.993	169.915	NaN
1919	132.067	169.858	NaN
1920	132.142	169.801	NaN
1921	132.218	169.744	NaN
1922	132.294	169.687	NaN
1923	132.370	169.629	NaN
1924	132.446	169.572	NaN
1925	132.523	169.514	NaN
1926	132.599	169.457	NaN
1927	132.675	169.399	NaN
1928	132.752	169.341	NaN
1929	132.828	169.284	NaN
1930	132.905	169.226	NaN
1931	132.982	169.168	NaN
1932	133.068	169.106	NaN
1933	133.157	169.043	NaN
1934	133.246	168.979	NaN
1935	133.335	168.916	NaN
1936	133.424	168.852	NaN
1937	133.514	168.789	NaN
1938	133.603	168.725	NaN
1939	133.693	168.661	NaN
1940	133.782	168.598	NaN
1941	133.872	168.534	NaN
1942	133.962	168.470	NaN
1943	134.057	168.403	NaN
1944	134.157	168.334	NaN
1945	134.256	168.264	NaN
1946	134.356	168.195	NaN
1947	134.455	168.126	NaN
1948	134.555	168.056	NaN
1949	134.655	167.986	NaN
1950	134.755	167.917	NaN
1951	134.855	167.847	NaN
1952	134.956	167.777	NaN
1953	135.060	167.705	NaN
1954	135.168	167.631	NaN
1955	135.276	167.557	NaN
1956	135.384	167.483	NaN
1957	135.492	167.408	NaN
1958	135.600	167.334	NaN
1959	135.709	167.259	NaN
1960	135.818	167.185	NaN
1961	135.926	167.110	NaN
1962	136.037	167.034	NaN
1963	136.151	166.956	NaN
1964	136.265	166.877	NaN
1965	136.379	166.799	NaN
1966	136.493	166.720	NaN
1967	136.607	166.641	NaN
1968	136.722	166.562	NaN
1969	136.837	166.483	NaN
1970	136.952	166.404	NaN
1971	137.068	166.323	NaN
1972	137.187	166.241	NaN
1973	137.306	166.159	NaN
1974	137.425	166.077	NaN
1975	137.544	165.994	NaN
1976	137.663	165.912	NaN
1977	137.782	165.829	NaN
1978	137.902	165.746	NaN
1979	138.022	165.663	NaN
1980	138.144	165.578	NaN
1981	138.266	165.494	NaN
1982	138.388	165.409	NaN
1983	138.510	165.324	NaN
1984	138.632	165.238	NaN
1985	138.755	165.153	NaN
1986	138.878	165.068	NaN
1987	139.001	164.982	NaN
1988	139.124	164.896	NaN
1989	139.248	164.809	NaN
1990	139.372	164.722	NaN
1991	139.496	164.635	NaN
1992	139.621	164.548	NaN
1993	139.745	164.461	NaN
1994	139.870	164.373	NaN
1995	139.995	164.286	NaN
1996	140.120	164.199	NaN
1997	140.245	164.111	NaN
1998	140.370	164.024	NaN
1999	140.496	163.936	NaN
2000	140.621	163.848	NaN
2001	140.747	163.760	NaN
2002	140.873	163.672	NaN
2003	140.999	163.584	NaN
2004	141.124	163.496	NaN
2005	141.249	163.409	NaN
2006	141.374	163.322	NaN
2007	141.499	163.234	NaN
2008	141.625	163.146	NaN
2009	141.751	163.058	NaN
2010	141.877	162.971	NaN
2011	142.003	162.883	NaN
2012	142.127	162.797	NaN
2013	142.251	162.710	NaN
2014	142.375	162.624	NaN
2015	142.500	162.538	NaN
2016	142.624	162.451	NaN
2017	142.749	162.365	NaN
2018	142.874	162.278	NaN
2019	142.999	162.191	NaN
2020	143.121	162.107	NaN
2021	143.244	162.022	NaN
2022	143.366	161.937	NaN
2023	143.488	161.852	NaN
2024	143.611	161.767	NaN
2025	143.734	161.682	NaN
2026	143.857	161.597	NaN
2027	143.980	161.512	NaN
2028	144.101	161.428	NaN
2029	144.221	161.345	NaN
2030	144.341	161.262	NaN
2031	144.462	161.179	NaN
2032	144.582	161.095	NaN
2033	144.703	161.012	NaN
2034	144.824	160.928	NaN
2035	144.945	160.844	NaN
2036	145.065	160.762	NaN
2037	145.183	160.680	NaN
2038	145.302	160.598	NaN
2039	145.420	160.516	NaN
2040	145.539	160.435	NaN
2041	145.658	160.352	NaN
2042	145.777	160.270	NaN
2043	145.896	160.188	NaN
2044	146.015	160.106	NaN
2045	146.132	160.026	NaN
2046	146.249	159.945	NaN
2047	146.366	159.865	NaN
2048	146.483	159.784	NaN
2049	146.600	159.703	NaN
2050	146.717	159.622	NaN
2051	146.835	159.541	NaN
2052	146.953	159.460	NaN
2053	147.069	159.380	NaN
2054	147.185	159.301	NaN
2055	147.300	159.222	NaN
2056	147.416	159.142	NaN
2057	147.532	159.063	NaN
2058	147.649	158.983	NaN
2059	147.765	158.903	NaN
2060	147.882	158.824	NaN
2061	147.998	158.744	NaN
2062	148.113	158.666	NaN
2063	148.228	158.587	NaN
2064	148.343	158.509	NaN
2065	148.458	158.430	NaN
2066	148.574	158.352	NaN
2067	148.689	158.273	NaN
2068	148.805	158.194	NaN
2069	148.921	158.115	NaN
2070	149.036	158.037	NaN
2071	149.150	157.959	NaN
2072	149.265	157.882	NaN
2073	149.379	157.804	NaN
2074	149.494	157.727	NaN
2075	149.609	157.649	NaN
2076	149.724	157.571	NaN
2077	149.839	157.493	NaN
2078	149.954	157.415	NaN
2079	150.069	157.338	NaN
2080	150.183	157.261	NaN
2081	150.297	157.184	NaN
2082	150.411	157.107	NaN
2083	150.525	157.030	NaN
2084	150.640	156.953	NaN
2085	150.754	156.876	NaN
2086	150.869	156.799	NaN
2087	150.984	156.721	NaN
2088	151.098	156.645	NaN
2089	151.212	156.569	NaN
2090	151.325	156.493	NaN
2091	151.439	156.416	NaN
2092	151.554	156.340	NaN
2093	151.668	156.263	NaN
2094	151.782	156.186	NaN
2095	151.897	156.110	NaN
2096	152.012	156.033	NaN
2097	152.125	155.957	NaN
2098	152.239	155.881	NaN
2099	152.353	155.805	NaN
2100	152.466	155.728	NaN
2101	152.581	155.652	NaN
2102	152.695	155.575	NaN
2103	152.809	155.499	NaN
2104	152.924	155.422	NaN
2105	153.038	155.345	NaN
2106	153.152	155.269	NaN
2107	153.266	155.193	NaN
2108	153.380	155.117	NaN
2109	153.494	155.041	NaN
2110	153.608	154.964	NaN
2111	153.722	154.888	NaN
2112	153.837	154.811	NaN
2113	153.952	154.734	NaN
2114	154.066	154.658	NaN
2115	154.180	154.581	NaN
2116	154.294	154.505	NaN
2117	154.408	154.428	NaN
2118	154.522	154.352	NaN
2119	154.637	154.275	NaN
2120	154.751	154.198	NaN
2121	154.866	154.121	NaN
2122	154.981	154.044	NaN
2123	155.095	153.967	NaN
2124	155.209	153.890	NaN
2125	155.324	153.813	NaN
2126	155.438	153.736	NaN
2127	155.553	153.659	NaN
2128	155.668	153.582	NaN
2129	155.783	153.505	NaN
2130	155.898	153.427	NaN
2131	156.013	153.350	NaN
2132	156.128	153.273	NaN
2133	156.243	153.195	NaN
2134	156.357	153.118	NaN
2135	156.473	153.040	NaN
2136	156.588	152.963	NaN
2137	156.703	152.885	NaN
2138	156.819	152.807	NaN
2139	156.935	152.729	NaN
2140	157.050	152.651	NaN
2141	157.165	152.573	NaN
2142	157.281	152.495	NaN
2143	157.397	152.417	NaN
2144	157.512	152.339	NaN
2145	157.628	152.260	NaN
2146	157.745	152.182	NaN
2147	157.861	152.103	NaN
2148	157.977	152.024	NaN
2149	158.094	151.945	NaN
2150	158.210	151.866	NaN
2151	158.326	151.787	NaN
2152	158.443	151.707	NaN
2153	158.560	151.628	NaN
2154	158.677	151.548	NaN
2155	158.794	151.469	NaN
2156	158.911	151.389	NaN
2157	159.029	151.309	NaN
2158	159.146	151.228	NaN
2159	159.264	151.148	NaN
2160	159.381	151.067	NaN
2161	159.499	150.986	NaN
2162	159.617	150.905	NaN
2163	159.735	150.824	NaN
2164	159.854	150.743	NaN
2165	159.972	150.662	NaN
2166	160.091	150.580	NaN
2167	160.210	150.498	NaN
2168	160.329	150.416	NaN
2169	160.448	150.334	NaN
2170	160.567	150.251	NaN
2171	160.687	150.169	NaN
2172	160.806	150.086	NaN
2173	160.926	150.004	NaN
2174	161.047	149.920	NaN
2175	161.167	149.837	NaN
2176	161.288	149.753	NaN
2177	161.409	149.669	NaN
2178	161.530	149.585	NaN
2179	161.651	149.501	NaN
2180	161.772	149.416	NaN
2181	161.894	149.332	NaN
2182	162.016	149.247	NaN
2183	162.138	149.162	NaN
2184	162.260	149.076	NaN
2185	162.383	148.991	NaN
2186	162.506	148.905	NaN
2187	162.629	148.820	NaN
2188	162.752	148.734	NaN
2189	162.876	148.648	NaN
2190	162.999	148.562	NaN
2191	163.123	148.475	NaN
2192	163.247	148.389	NaN
2193	163.372	148.302	NaN
2194	163.496	148.215	NaN
2195	163.621	148.128	NaN
2196	163.746	148.041	NaN
2197	163.871	147.954	NaN
2198	163.996	147.867	NaN
2199	164.121	147.779	NaN
2200	164.246	147.692	NaN
2201	164.372	147.604	NaN
2202	164.497	147.517	NaN
2203	164.623	147.429	NaN
2204	164.749	147.341	NaN
2205	164.876	147.253	NaN
2206	165.002	147.164	NaN
2207	165.128	147.076	NaN
2208	165.254	146.988	NaN
2209	165.381	146.900	NaN
2210	165.507	146.811	NaN
2211	165.634	146.723	NaN
2212	165.761	146.634	NaN
2213	165.888	146.545	NaN
2214	166.015	146.456	NaN
2215	166.142	146.368	NaN
2216	166.268	146.279	NaN
2217	166.395	146.191	NaN
2218	166.522	146.102	NaN
2219	166.649	146.013	NaN
2220	166.776	145.925	NaN
2221	166.904	145.835	NaN
2222	167.031	145.747	NaN
2223	167.158	145.659	NaN
2224	167.284	145.571	NaN
2225	167.411	145.483	NaN
2226	167.538	145.394	NaN
2227	167.665	145.306	NaN
2228	167.793	145.217	NaN
2229	167.920	145.129	NaN
2230	168.047	145.040	NaN
2231	168.173	144.953	NaN
2232	168.299	144.866	NaN
2233	168.425	144.778	NaN
2234	168.552	144.691	NaN
2235	168.679	144.603	NaN
2236	168.806	144.515	NaN
2237	168.933	144.427	NaN
2238	169.059	144.340	NaN
2239	169.184	144.254	NaN
2240	169.309	144.167	NaN
2241	169.434	144.081	NaN
2242	169.560	143.994	NaN
2243	169.685	143.907	NaN
2244	169.811	143.820	NaN
2245	169.937	143.733	NaN
2246	170.062	143.647	NaN
2247	170.186	143.562	NaN
2248	170.310	143.476	NaN
2249	170.433	143.391	NaN
2250	170.558	143.305	NaN
2251	170.682	143.219	NaN
2252	170.807	143.133	NaN
2253	170.931	143.047	NaN
2254	171.055	142.963	NaN
2255	171.178	142.878	NaN
2256	171.300	142.793	NaN
2257	171.423	142.708	NaN
2258	171.547	142.623	NaN
2259	171.670	142.537	NaN
2260	171.794	142.452	NaN
2261	171.917	142.366	NaN
2262	172.041	142.281	NaN
2263	172.163	142.196	NaN
2264	172.285	142.111	NaN
2265	172.408	142.026	NaN
2266	172.530	141.940	NaN
2267	172.653	141.855	NaN
2268	172.776	141.769	NaN
2269	172.900	141.684	NaN
2270	173.023	141.598	NaN
2271	173.145	141.512	NaN
2272	173.267	141.427	NaN
2273	173.390	141.341	NaN
2274	173.513	141.256	NaN
2275	173.636	141.170	NaN
2276	173.759	141.084	NaN
2277	173.882	140.998	NaN
2278	174.006	140.911	NaN
2279	174.128	140.825	NaN
2280	174.251	140.739	NaN
2281	174.374	140.652	NaN
2282	174.498	140.566	NaN
2283	174.621	140.479	NaN
2284	174.745	140.392	NaN
2285	174.869	140.305	NaN
2286	174.993	140.218	NaN
2287	175.117	140.130	NaN
2288	175.241	140.042	NaN
2289	175.365	139.955	NaN
2290	175.489	139.866	NaN
2291	175.613	139.778	NaN
2292	175.738	139.690	NaN
2293	175.863	139.601	NaN
2294	175.988	139.513	NaN
2295	176.114	139.425	NaN
2296	176.239	139.336	NaN
2297	176.365	139.247	NaN
2298	176.491	139.157	NaN
2299	176.617	139.068	NaN
2300	176.743	138.978	NaN
2301	176.870	138.889	NaN
2302	176.996	138.799	NaN
2303	177.124	138.708	NaN
2304	177.251	138.618	NaN
2305	177.379	138.527	NaN
2306	177.507	138.436	NaN
2307	177.635	138.345	NaN
2308	177.763	138.254	NaN
2309	177.892	138.163	NaN
2310	178.021	138.071	NaN
2311	178.150	137.979	NaN
2312	178.280	137.886	NaN
2313	178.411	137.794	NaN
2314	178.541	137.701	NaN
2315	178.672	137.608	NaN
2316	178.803	137.514	NaN
2317	178.934	137.421	NaN
2318	179.066	137.327	NaN
2319	179.198	137.232	NaN
2320	179.331	137.137	NaN
2321	179.464	137.041	NaN
2322	179.598	136.946	NaN
2323	179.731	136.850	NaN
2324	179.865	136.754	NaN
2325	179.999	136.658	NaN
2326	180.135	136.561	NaN
2327	180.271	136.463	NaN
2328	180.407	136.365	NaN
2329	180.543	136.267	NaN
2330	180.680	136.168	NaN
2331	180.817	136.070	NaN
2332	180.954	135.971	NaN
2333	181.092	135.871	NaN
2334	181.231	135.771	NaN
2335	181.370	135.671	NaN
2336	181.509	135.570	NaN
2337	181.649	135.469	NaN
2338	181.789	135.368	NaN
2339	181.929	135.267	NaN
2340	182.069	135.165	NaN
2341	182.211	135.062	NaN
2342	182.352	134.959	NaN
2343	182.494	134.856	NaN
2344	182.636	134.753	NaN
2345	182.779	134.650	NaN
2346	182.921	134.546	NaN
2347	183.064	134.442	NaN
2348	183.208	134.337	NaN
2349	183.352	134.232	NaN
2350	183.496	134.127	NaN
2351	183.640	134.021	NaN
2352	183.784	133.916	NaN
2353	183.929	133.810	NaN
2354	184.074	133.703	NaN
2355	184.219	133.596	NaN
2356	184.365	133.489	NaN
2357	184.511	133.381	NaN
2358	184.657	133.273	NaN
2359	184.803	133.166	NaN
2360	184.950	133.057	NaN
2361	185.096	132.949	NaN
2362	185.242	132.840	NaN
2363	185.389	132.730	NaN
2364	185.536	132.621	NaN
2365	185.683	132.511	NaN
2366	185.831	132.401	NaN
2367	185.979	132.290	NaN
2368	186.126	132.180	NaN
2369	186.273	132.069	NaN
2370	186.421	131.957	NaN
2371	186.569	131.846	NaN
2372	186.717	131.734	NaN
2373	186.865	131.622	NaN
2374	187.014	131.510	NaN
2375	187.161	131.398	NaN
2376	187.309	131.285	NaN
2377	187.457	131.173	NaN
2378	187.605	131.060	NaN
2379	187.753	130.946	NaN
2380	187.902	130.833	NaN
2381	188.051	130.719	NaN
2382	188.198	130.606	NaN
2383	188.346	130.492	NaN
2384	188.493	130.378	NaN
2385	188.642	130.264	NaN
2386	188.790	130.149	NaN
2387	188.939	130.035	NaN
2388	189.087	129.920	NaN
2389	189.233	129.806	NaN
2390	189.380	129.691	NaN
2391	189.528	129.576	NaN
2392	189.676	129.461	NaN
2393	189.824	129.346	NaN
2394	189.972	129.230	NaN
2395	190.118	129.115	NaN
2396	190.264	129.001	NaN
2397	190.410	128.886	NaN
2398	190.556	128.770	NaN
2399	190.703	128.655	NaN
2400	190.850	128.540	NaN
2401	190.997	128.424	NaN
2402	191.142	128.309	NaN
2403	191.286	128.195	NaN
2404	191.431	128.080	NaN
2405	191.575	127.966	NaN
2406	191.721	127.850	NaN
2407	191.866	127.735	NaN
2408	192.012	127.620	NaN
2409	192.154	127.507	NaN
2410	192.296	127.394	NaN
2411	192.439	127.280	NaN
2412	192.582	127.167	NaN
2413	192.725	127.053	NaN
2414	192.869	126.939	NaN
2415	193.012	126.825	NaN
2416	193.152	126.713	NaN
2417	193.292	126.602	NaN
2418	193.433	126.490	NaN
2419	193.573	126.378	NaN
2420	193.714	126.265	NaN
2421	193.856	126.153	NaN
2422	193.997	126.040	NaN
2423	194.134	125.930	NaN
2424	194.272	125.821	NaN
2425	194.410	125.711	NaN
2426	194.548	125.601	NaN
2427	194.686	125.491	NaN
2428	194.825	125.381	NaN
2429	194.964	125.270	NaN
2430	195.099	125.163	NaN
2431	195.234	125.056	NaN
2432	195.368	124.949	NaN
2433	195.504	124.842	NaN
2434	195.639	124.735	NaN
2435	195.774	124.627	NaN
2436	195.910	124.521	NaN
2437	196.045	124.414	NaN
2438	196.176	124.311	NaN
2439	196.307	124.208	NaN
2440	196.439	124.104	NaN
2441	196.571	124.000	NaN
2442	196.703	123.896	NaN
2443	196.836	123.792	NaN
2444	196.968	123.688	NaN
2445	197.097	123.588	NaN
2446	197.224	123.489	NaN
2447	197.352	123.391	NaN
2448	197.480	123.292	NaN
2449	197.608	123.193	NaN
2450	197.737	123.094	NaN
2451	197.866	122.995	NaN
2452	197.995	122.895	NaN
2453	198.118	122.803	NaN
2454	198.241	122.711	NaN
2455	198.365	122.618	NaN
2456	198.488	122.526	NaN
2457	198.612	122.433	NaN
2458	198.736	122.340	NaN
2459	198.861	122.247	NaN
2460	198.985	122.154	NaN
2461	199.104	122.069	NaN
2462	199.221	121.985	NaN
2463	199.339	121.901	NaN
2464	199.458	121.816	NaN
2465	199.576	121.732	NaN
2466	199.695	121.647	NaN
2467	199.814	121.562	NaN
2468	199.933	121.477	NaN
2469	200.049	121.396	NaN
2470	200.160	121.319	NaN
2471	200.271	121.243	NaN
2472	200.383	121.166	NaN
2473	200.495	121.089	NaN
2474	200.607	121.012	NaN
2475	200.719	120.935	NaN
2476	200.832	120.857	NaN
2477	200.945	120.779	NaN
2478	201.054	120.705	NaN
2479	201.160	120.633	NaN
2480	201.267	120.561	NaN
2481	201.373	120.488	NaN
2482	201.480	120.416	NaN
2483	201.587	120.343	NaN
2484	201.694	120.271	NaN
2485	201.802	120.197	NaN
2486	201.909	120.124	NaN
2487	202.016	120.051	NaN
2488	202.120	119.981	NaN
2489	202.224	119.911	NaN
2490	202.328	119.841	NaN
2491	202.432	119.771	NaN
2492	202.537	119.700	NaN
2493	202.642	119.630	NaN
2494	202.747	119.559	NaN
2495	202.852	119.488	NaN
2496	202.958	119.417	NaN
2497	203.062	119.346	NaN
2498	203.166	119.276	NaN
2499	203.270	119.205	NaN
2500	203.375	119.135	NaN
2501	203.479	119.063	NaN
2502	203.584	118.992	NaN
2503	203.689	118.921	NaN
2504	203.794	118.850	NaN
2505	203.900	118.778	NaN
2506	204.005	118.706	NaN
2507	204.112	118.633	NaN
2508	204.218	118.560	NaN
2509	204.325	118.487	NaN
2510	204.432	118.413	NaN
2511	204.539	118.340	NaN
2512	204.646	118.266	NaN
2513	204.754	118.192	NaN
2514	204.862	118.118	NaN
2515	204.970	118.044	NaN
2516	205.080	117.967	NaN
2517	205.191	117.890	NaN
2518	205.303	117.812	NaN
2519	205.414	117.734	NaN
2520	205.526	117.655	NaN
2521	205.638	117.577	NaN
2522	205.751	117.498	NaN
2523	205.863	117.420	NaN
2524	205.976	117.341	NaN
2525	206.093	117.259	NaN
2526	206.211	117.177	NaN
2527	206.329	117.095	NaN
2528	206.447	117.013	NaN
2529	206.566	116.930	NaN
2530	206.685	116.847	NaN
2531	206.804	116.764	NaN
2532	206.924	116.681	NaN
2533	207.045	116.597	NaN
2534	207.168	116.512	NaN
2535	207.293	116.427	NaN
2536	207.417	116.342	NaN
2537	207.542	116.256	NaN
2538	207.667	116.171	NaN
2539	207.792	116.085	NaN
2540	207.917	115.999	NaN
2541	208.044	115.912	NaN
2542	208.171	115.826	NaN
2543	208.299	115.739	NaN
2544	208.427	115.654	NaN
2545	208.555	115.567	NaN
2546	208.684	115.480	NaN
2547	208.813	115.392	NaN
2548	208.942	115.305	NaN
2549	209.071	115.218	NaN
2550	209.201	115.132	NaN
2551	209.330	115.046	NaN
2552	209.460	114.960	NaN
2553	209.591	114.873	NaN
2554	209.721	114.787	NaN
2555	209.852	114.700	NaN
2556	209.983	114.613	NaN
2557	210.113	114.530	NaN
2558	210.242	114.446	NaN
2559	210.371	114.363	NaN
2560	210.501	114.279	NaN
2561	210.631	114.196	NaN
2562	210.761	114.112	NaN
2563	210.892	114.028	NaN
2564	211.022	113.944	NaN
2565	211.149	113.867	NaN
2566	211.275	113.789	NaN
2567	211.402	113.711	NaN
2568	211.530	113.633	NaN
2569	211.657	113.554	NaN
2570	211.785	113.476	NaN
2571	211.914	113.397	NaN
2572	212.040	113.321	NaN
2573	212.162	113.253	NaN
2574	212.284	113.184	NaN
2575	212.406	113.115	NaN
2576	212.529	113.046	NaN
2577	212.652	112.977	NaN
2578	212.775	112.908	NaN
2579	212.899	112.838	NaN
2580	213.021	112.771	NaN
2581	213.135	112.712	NaN
2582	213.250	112.653	NaN
2583	213.364	112.594	NaN
2584	213.479	112.534	NaN
2585	213.595	112.475	NaN
2586	213.710	112.415	NaN
2587	213.826	112.356	NaN
2588	213.942	112.296	NaN
2589	214.054	112.240	NaN
2590	214.160	112.188	NaN
2591	214.267	112.136	NaN
2592	214.374	112.083	NaN
2593	214.482	112.031	NaN
2594	214.589	111.978	NaN
2595	214.697	111.925	NaN
2596	214.806	111.872	NaN
2597	214.914	111.819	NaN
2598	215.021	111.767	NaN
2599	215.123	111.719	NaN
2600	215.225	111.671	NaN
2601	215.328	111.623	NaN
2602	215.431	111.574	NaN
2603	215.533	111.525	NaN
2604	215.636	111.476	NaN
2605	215.740	111.428	NaN
2606	215.843	111.380	NaN
2607	215.947	111.331	NaN
2608	216.049	111.283	NaN
2609	216.150	111.237	NaN
2610	216.250	111.191	NaN
2611	216.351	111.145	NaN
2612	216.452	111.098	NaN
2613	216.553	111.051	NaN
2614	216.655	111.004	NaN
2615	216.756	110.957	NaN
2616	216.858	110.910	NaN
2617	216.961	110.863	NaN
2618	217.062	110.817	NaN
2619	217.164	110.771	NaN
2620	217.266	110.724	NaN
2621	217.368	110.678	NaN
2622	217.470	110.632	NaN
2623	217.573	110.585	NaN
2624	217.675	110.538	NaN
2625	217.778	110.492	NaN
2626	217.882	110.445	NaN
2627	217.985	110.399	NaN
2628	218.090	110.351	NaN
2629	218.196	110.304	NaN
2630	218.301	110.256	NaN
2631	218.407	110.209	NaN
2632	218.514	110.161	NaN
2633	218.620	110.113	NaN
2634	218.727	110.065	NaN
2635	218.834	110.016	NaN
2636	218.941	109.968	NaN
2637	219.051	109.919	NaN
2638	219.163	109.869	NaN
2639	219.275	109.819	NaN
2640	219.388	109.768	NaN
2641	219.501	109.718	NaN
2642	219.614	109.667	NaN
2643	219.728	109.617	NaN
2644	219.841	109.566	NaN
2645	219.955	109.515	NaN
2646	220.074	109.462	NaN
2647	220.196	109.408	NaN
2648	220.317	109.354	NaN
2649	220.439	109.299	NaN
2650	220.562	109.245	NaN
2651	220.685	109.190	NaN
2652	220.808	109.136	NaN
2653	220.931	109.081	NaN
2654	221.059	109.024	NaN
2655	221.192	108.965	NaN
2656	221.325	108.905	NaN
2657	221.459	108.846	NaN
2658	221.593	108.786	NaN
2659	221.728	108.726	NaN
2660	221.862	108.666	NaN
2661	221.998	108.606	NaN
2662	222.145	108.542	NaN
2663	222.292	108.477	NaN
2664	222.440	108.411	NaN
2665	222.588	108.346	NaN
2666	222.737	108.280	NaN
2667	222.886	108.214	NaN
2668	223.038	108.147	NaN
2669	223.200	108.076	NaN
2670	223.363	108.004	NaN
2671	223.526	107.933	NaN
2672	223.690	107.861	NaN
2673	223.853	107.789	NaN
2674	224.019	107.717	NaN
2675	224.195	107.641	NaN
2676	224.371	107.565	NaN
2677	224.548	107.488	NaN
2678	224.726	107.411	NaN
2679	224.904	107.333	NaN
2680	225.086	107.254	NaN
2681	225.274	107.172	NaN
2682	225.463	107.089	NaN
2683	225.653	107.007	NaN
2684	225.842	106.924	NaN
2685	226.034	106.841	NaN
2686	226.232	106.753	NaN
2687	226.431	106.666	NaN
2688	226.631	106.579	NaN
2689	226.831	106.491	NaN
2690	227.032	106.402	NaN
2691	227.240	106.310	NaN
2692	227.448	106.218	NaN
2693	227.656	106.126	NaN
2694	227.865	106.034	NaN
2695	228.076	105.940	NaN
2696	228.291	105.844	NaN
2697	228.506	105.748	NaN
2698	228.721	105.652	NaN
2699	228.937	105.555	NaN
2700	229.156	105.457	NaN
2701	229.376	105.358	NaN
2702	229.597	105.258	NaN
2703	229.819	105.158	NaN
2704	230.041	105.058	NaN
2705	230.265	104.956	NaN
2706	230.489	104.854	NaN
2707	230.714	104.751	NaN
2708	230.939	104.648	NaN
2709	231.165	104.545	NaN
2710	231.390	104.441	NaN
2711	231.617	104.337	NaN
2712	231.844	104.232	NaN
2713	232.070	104.128	NaN
2714	232.295	104.024	NaN
2715	232.521	103.920	NaN
2716	232.746	103.816	NaN
2717	232.973	103.711	NaN
2718	233.195	103.608	NaN
2719	233.418	103.505	NaN
2720	233.641	103.402	NaN
2721	233.864	103.298	NaN
2722	234.086	103.196	NaN
2723	234.304	103.096	NaN
2724	234.522	102.996	NaN
2725	234.741	102.895	NaN
2726	234.961	102.794	NaN
2727	235.174	102.699	NaN
2728	235.385	102.603	NaN
2729	235.597	102.508	NaN
2730	235.809	102.413	NaN
2731	236.021	102.318	NaN
2732	236.223	102.231	NaN
2733	236.426	102.144	NaN
2734	236.629	102.056	NaN
2735	236.833	101.968	NaN
2736	237.034	101.883	NaN
2737	237.224	101.808	NaN
2738	237.414	101.733	NaN
2739	237.605	101.658	NaN
2740	237.796	101.582	NaN
2741	237.988	101.506	NaN
2742	238.162	101.445	NaN
2743	238.336	101.385	NaN
2744	238.511	101.325	NaN
2745	238.685	101.265	NaN
2746	238.861	101.204	NaN
2747	239.032	101.147	NaN
2748	239.186	101.100	NaN
2749	239.341	101.053	NaN
2750	239.496	101.006	NaN
2751	239.652	100.958	NaN
2752	239.808	100.910	NaN
2753	239.965	100.862	NaN
2754	240.108	100.820	NaN
2755	240.248	100.779	NaN
2756	240.388	100.738	NaN
2757	240.528	100.696	NaN
2758	240.668	100.655	NaN
2759	240.809	100.614	NaN
2760	240.951	100.572	NaN
2761	241.085	100.533	NaN
2762	241.217	100.494	NaN
2763	241.349	100.455	NaN
2764	241.482	100.416	NaN
2765	241.614	100.377	NaN
2766	241.748	100.338	NaN
2767	241.881	100.299	NaN
2768	242.015	100.259	NaN
2769	242.146	100.220	NaN
2770	242.277	100.180	NaN
2771	242.409	100.140	NaN
2772	242.541	100.100	NaN
2773	242.674	100.061	NaN
2774	242.807	100.020	NaN
2775	242.940	99.980	NaN
2776	243.075	99.939	NaN
2777	243.212	99.896	NaN
2778	243.349	99.854	NaN
2779	243.487	99.811	NaN
2780	243.625	99.768	NaN
2781	243.763	99.725	NaN
2782	243.902	99.682	NaN
2783	244.044	99.638	NaN
2784	244.192	99.592	NaN
2785	244.340	99.546	NaN
2786	244.489	99.499	NaN
2787	244.638	99.453	NaN
2788	244.788	99.406	NaN
2789	244.938	99.358	NaN
2790	245.098	99.309	NaN
2791	245.263	99.257	NaN
2792	245.430	99.204	NaN
2793	245.596	99.151	NaN
2794	245.763	99.099	NaN
2795	245.931	99.046	NaN
2796	246.111	98.988	NaN
2797	246.299	98.928	NaN
2798	246.488	98.868	NaN
2799	246.678	98.807	NaN
2800	246.868	98.746	NaN
2801	247.066	98.683	NaN
2802	247.284	98.615	NaN
2803	247.502	98.547	NaN
2804	247.720	98.479	NaN
2805	247.939	98.411	NaN
2806	248.176	98.338	NaN
2807	248.420	98.264	NaN
2808	248.666	98.189	NaN
2809	248.911	98.114	NaN
2810	249.170	98.036	NaN
2811	249.436	97.957	NaN
2812	249.703	97.877	NaN
2813	249.971	97.797	NaN
2814	250.250	97.716	NaN
2815	250.531	97.633	NaN
2816	250.814	97.549	NaN
2817	251.099	97.465	NaN
2818	251.390	97.379	NaN
2819	251.682	97.294	NaN
2820	251.974	97.208	NaN
2821	252.268	97.123	NaN
2822	252.564	97.038	NaN
2823	252.860	96.953	NaN
2824	253.156	96.869	NaN
2825	253.450	96.786	NaN
2826	253.745	96.703	NaN
2827	254.041	96.621	NaN
2828	254.330	96.542	NaN
2829	254.619	96.464	NaN
2830	254.910	96.385	NaN
2831	255.193	96.310	NaN
2832	255.472	96.237	NaN
2833	255.752	96.164	NaN
2834	256.031	96.090	NaN
2835	256.300	96.021	NaN
2836	256.569	95.951	NaN
2837	256.839	95.882	NaN
2838	257.106	95.813	NaN
2839	257.368	95.746	NaN
2840	257.631	95.678	NaN
2841	257.894	95.612	NaN
2842	258.155	95.545	NaN
2843	258.413	95.479	NaN
2844	258.673	95.413	NaN
2845	258.933	95.346	NaN
2846	259.192	95.281	NaN
2847	259.451	95.215	NaN
2848	259.711	95.148	NaN
2849	259.971	95.082	NaN
2850	260.234	95.014	NaN
2851	260.498	94.946	NaN
2852	260.762	94.877	NaN
2853	261.028	94.808	NaN
2854	261.299	94.736	NaN
2855	261.571	94.664	NaN
2856	261.844	94.592	NaN
2857	262.121	94.518	NaN
2858	262.404	94.441	NaN
2859	262.689	94.364	NaN
2860	262.975	94.286	NaN
2861	263.272	94.205	NaN
2862	263.573	94.122	NaN
2863	263.874	94.039	NaN
2864	264.184	93.954	NaN
2865	264.501	93.866	NaN
2866	264.819	93.778	NaN
2867	265.142	93.688	NaN
2868	265.473	93.595	NaN
2869	265.805	93.502	NaN
2870	266.141	93.407	NaN
2871	266.482	93.309	NaN
2872	266.825	93.212	NaN
2873	267.172	93.112	NaN
2874	267.522	93.011	NaN
2875	267.873	92.909	NaN
2876	268.228	92.806	NaN
2877	268.584	92.702	NaN
2878	268.942	92.597	NaN
2879	269.302	92.491	NaN
2880	269.662	92.384	NaN
2881	270.024	92.276	NaN
2882	270.384	92.166	NaN
2883	270.746	92.056	NaN
2884	271.108	91.946	NaN
2885	271.468	91.835	NaN
2886	271.829	91.723	NaN
2887	272.188	91.611	NaN
2888	272.545	91.499	NaN
2889	272.903	91.387	NaN
2890	273.255	91.276	NaN
2891	273.605	91.167	NaN
2892	273.958	91.055	NaN
2893	274.301	90.947	NaN
2894	274.644	90.838	NaN
2895	274.988	90.728	NaN
2896	275.320	90.623	NaN
2897	275.652	90.518	NaN
2898	275.986	90.412	NaN
2899	276.305	90.314	NaN
2900	276.626	90.214	NaN
2901	276.947	90.114	NaN
2902	277.254	90.019	NaN
2903	277.559	89.925	NaN
2904	277.865	89.830	NaN
2905	278.162	89.738	NaN
2906	278.452	89.649	NaN
2907	278.743	89.560	NaN
2908	279.032	89.471	NaN
2909	279.308	89.387	NaN
2910	279.584	89.303	NaN
2911	279.862	89.218	NaN
2912	280.133	89.137	NaN
2913	280.398	89.057	NaN
2914	280.664	88.978	NaN
2915	280.931	88.898	NaN
2916	281.189	88.822	NaN
2917	281.446	88.745	NaN
2918	281.703	88.670	NaN
2919	281.962	88.593	NaN
2920	282.213	88.519	NaN
2921	282.463	88.447	NaN
2922	282.714	88.375	NaN
2923	282.966	88.301	NaN
2924	283.213	88.229	NaN
2925	283.459	88.157	NaN
2926	283.706	88.085	NaN
2927	283.954	88.012	NaN
2928	284.199	87.940	NaN
2929	284.444	87.869	NaN
2930	284.690	87.797	NaN
2931	284.937	87.726	NaN
2932	285.182	87.654	NaN
2933	285.429	87.583	NaN
2934	285.676	87.511	NaN
2935	285.924	87.439	NaN
2936	286.174	87.367	NaN
2937	286.425	87.294	NaN
2938	286.677	87.221	NaN
2939	286.929	87.147	NaN
2940	287.185	87.073	NaN
2941	287.443	86.998	NaN
2942	287.702	86.921	NaN
2943	287.962	86.845	NaN
2944	288.227	86.765	NaN
2945	288.494	86.686	NaN
2946	288.763	86.605	NaN
2947	289.034	86.525	NaN
2948	289.311	86.443	NaN
2949	289.589	86.360	NaN
2950	289.869	86.277	NaN
2951	290.153	86.193	NaN
2952	290.440	86.107	NaN
2953	290.729	86.021	NaN
2954	291.020	85.934	NaN
2955	291.315	85.845	NaN
2956	291.612	85.755	NaN
2957	291.909	85.666	NaN
2958	292.211	85.575	NaN
2959	292.514	85.483	NaN
2960	292.819	85.390	NaN
2961	293.125	85.298	NaN
2962	293.434	85.204	NaN
2963	293.743	85.109	NaN
2964	294.054	85.014	NaN
2965	294.366	84.917	NaN
2966	294.679	84.820	NaN
2967	294.995	84.725	NaN
2968	295.309	84.627	NaN
2969	295.625	84.528	NaN
2970	295.943	84.428	NaN
2971	296.259	84.327	NaN
2972	296.577	84.226	NaN
2973	296.896	84.125	NaN
2974	297.213	84.023	NaN
2975	297.530	83.921	NaN
2976	297.849	83.818	NaN
2977	298.166	83.716	NaN
2978	298.483	83.613	NaN
2979	298.800	83.509	NaN
2980	299.117	83.405	NaN
2981	299.431	83.301	NaN
2982	299.746	83.196	NaN
2983	300.062	83.091	NaN
2984	300.373	82.989	NaN
2985	300.685	82.885	NaN
2986	300.998	82.779	NaN
2987	301.303	82.675	NaN
2988	301.610	82.570	NaN
2989	301.919	82.465	NaN
2990	302.222	82.362	NaN
2991	302.523	82.258	NaN
2992	302.826	82.153	NaN
2993	303.126	82.049	NaN
2994	303.420	81.946	NaN
2995	303.716	81.842	NaN
2996	304.013	81.739	NaN
2997	304.300	81.642	NaN
2998	304.587	81.541	NaN
2999	304.877	81.439	NaN
3000	305.160	81.339	NaN
3001	305.439	81.242	NaN
3002	305.719	81.143	NaN
3003	306.001	81.047	NaN
3004	306.271	80.954	NaN
3005	306.542	80.860	NaN
3006	306.815	80.767	NaN
3007	307.084	80.673	NaN
3008	307.344	80.584	NaN
3009	307.606	80.493	NaN
3010	307.870	80.403	NaN
3011	308.127	80.314	NaN
3012	308.380	80.226	NaN
3013	308.634	80.138	NaN
3014	308.889	80.049	NaN
3015	309.139	79.962	NaN
3016	309.387	79.877	NaN
3017	309.636	79.790	NaN
3018	309.885	79.703	NaN
3019	310.132	79.616	NaN
3020	310.378	79.530	NaN
3021	310.623	79.443	NaN
3022	310.871	79.354	NaN
3023	311.116	79.266	NaN
3024	311.361	79.177	NaN
3025	311.606	79.090	NaN
3026	311.853	79.000	NaN
3027	312.100	78.910	NaN
3028	312.347	78.818	NaN
3029	312.595	78.725	NaN
3030	312.845	78.633	NaN
3031	313.096	78.538	NaN
3032	313.349	78.441	NaN
3033	313.605	78.343	NaN
3034	313.861	78.244	NaN
3035	314.120	78.144	NaN
3036	314.384	78.041	NaN
3037	314.649	77.939	NaN
3038	314.916	77.837	NaN
3039	315.188	77.731	NaN
3040	315.462	77.622	NaN
3041	315.737	77.512	NaN
3042	316.015	77.401	NaN
3043	316.295	77.288	NaN
3044	316.576	77.173	NaN
3045	316.859	77.058	NaN
3046	317.142	76.942	NaN
3047	317.425	76.826	NaN
3048	317.709	76.709	NaN
3049	317.995	76.591	NaN
3050	318.276	76.473	NaN
3051	318.559	76.364	NaN
3052	318.842	76.246	NaN
3053	319.123	76.128	NaN
3054	319.399	76.012	NaN
3055	319.677	75.897	NaN
3056	319.957	75.780	NaN
3057	320.227	75.666	NaN
3058	320.496	75.551	NaN
3059	320.767	75.436	NaN
3060	321.039	75.322	NaN
3061	321.299	75.211	NaN
3062	321.560	75.100	NaN
3063	321.824	74.988	NaN
3064	322.083	74.877	NaN
3065	322.334	74.769	NaN
3066	322.588	74.662	NaN
3067	322.843	74.554	NaN
3068	323.093	74.447	NaN
3069	323.335	74.346	NaN
3070	323.578	74.242	NaN
3071	323.823	74.142	NaN
3072	324.064	74.039	NaN
3073	324.295	73.942	NaN
3074	324.529	73.844	NaN
3075	324.763	73.745	NaN
3076	325.000	73.648	NaN
3077	325.222	73.559	NaN
3078	325.445	73.469	NaN
3079	325.669	73.379	NaN
3080	325.894	73.288	NaN
3081	326.112	73.202	NaN
3082	326.324	73.121	NaN
3083	326.537	73.043	NaN
3084	326.750	72.960	NaN
3085	326.967	72.878	NaN
3086	327.169	72.809	NaN
3087	327.368	72.738	NaN
3088	327.570	72.667	NaN
3089	327.772	72.594	NaN
3090	327.976	72.520	NaN
3091	328.166	72.460	NaN
3092	328.355	72.398	NaN
3093	328.545	72.338	NaN
3094	328.735	72.276	NaN
3095	328.927	72.214	NaN
3096	329.110	72.160	NaN
3097	329.286	72.110	NaN
3098	329.464	72.062	NaN
3099	329.643	72.012	NaN
3100	329.823	71.961	NaN
3101	330.004	71.910	NaN
3102	330.167	71.870	NaN
3103	330.333	71.832	NaN
3104	330.499	71.791	NaN
3105	330.666	71.751	NaN
3106	330.835	71.715	NaN
3107	331.004	71.673	NaN
3108	331.158	71.637	NaN
3109	331.313	71.600	NaN
3110	331.470	71.566	NaN
3111	331.627	71.528	NaN
3112	331.786	71.491	NaN
3113	331.946	71.455	NaN
3114	332.101	71.417	NaN
3115	332.254	71.381	NaN
3116	332.409	71.349	NaN
3117	332.564	71.313	NaN
3118	332.720	71.275	NaN
3119	332.877	71.238	NaN
3120	333.036	71.199	NaN
3121	333.195	71.157	NaN
3122	333.356	71.118	NaN
3123	333.518	71.077	NaN
3124	333.681	71.037	NaN
3125	333.845	70.994	NaN
3126	334.010	70.952	NaN
3127	334.188	70.903	NaN
3128	334.367	70.855	NaN
3129	334.546	70.806	NaN
3130	334.727	70.756	NaN
3131	334.909	70.705	NaN
3132	335.107	70.651	NaN
3133	335.319	70.591	NaN
3134	335.534	70.537	NaN
3135	335.748	70.477	NaN
3136	335.965	70.417	NaN
3137	336.223	70.348	NaN
3138	336.488	70.272	NaN
3139	336.755	70.194	NaN
3140	337.030	70.115	NaN
3141	337.372	70.018	NaN
3142	337.718	69.923	NaN
3143	338.085	69.824	NaN
3144	338.526	69.706	NaN
3145	338.969	69.587	NaN
3146	339.467	69.460	NaN
3147	339.972	69.332	NaN
3148	340.489	69.208	NaN
3149	341.012	69.085	NaN
3150	341.511	68.967	NaN
3151	342.014	68.850	NaN
3152	342.490	68.742	NaN
3153	342.972	68.630	NaN
3154	343.437	68.520	NaN
3155	343.905	68.411	NaN
3156	344.369	68.307	NaN
3157	344.832	68.200	NaN
3158	345.293	68.097	NaN
3159	345.748	67.988	NaN
3160	346.204	67.879	NaN
3161	346.659	67.770	NaN
3162	347.119	67.662	NaN
3163	347.577	67.550	NaN
3164	348.043	67.443	NaN
3165	348.507	67.326	NaN
3166	348.975	67.219	NaN
3167	349.447	67.099	NaN
3168	349.923	66.981	NaN
3169	350.400	66.859	NaN
3170	350.882	66.738	NaN
3171	351.369	66.615	NaN
3172	351.857	66.490	NaN
3173	352.351	66.365	NaN
3174	352.847	66.238	NaN
3175	353.346	66.113	NaN
3176	353.846	65.982	NaN
3177	354.348	65.850	NaN
3178	354.854	65.717	NaN
3179	355.367	65.600	NaN
3180	355.876	65.465	NaN
3181	356.387	65.331	NaN
3182	356.899	65.195	NaN
3183	357.411	65.060	NaN
3184	357.927	64.929	NaN
3185	358.440	64.790	NaN
3186	358.956	64.650	NaN
3187	359.465	64.509	NaN
3188	359.980	64.373	NaN
3189	360.491	64.232	NaN
3190	361.005	64.098	NaN
3191	361.513	63.955	NaN
3192	362.026	63.812	NaN
3193	362.535	63.671	NaN
3194	363.048	63.529	NaN
3195	363.553	63.385	NaN
3196	364.062	63.240	NaN
3197	364.569	63.098	NaN
3198	365.076	62.952	NaN
3199	365.579	62.808	NaN
3200	366.084	62.670	NaN
3201	366.587	62.528	NaN
3202	367.089	62.379	NaN
3203	367.591	62.233	NaN
3204	368.093	62.083	NaN
3205	368.591	61.933	NaN
3206	369.093	61.788	NaN
3207	369.587	61.636	NaN
3208	370.082	61.483	NaN
3209	370.577	61.341	NaN
3210	371.071	61.188	NaN
3211	371.558	61.045	NaN
3212	372.050	60.898	NaN
3213	372.533	60.746	NaN
3214	373.021	60.595	NaN
3215	373.505	60.448	NaN
3216	373.994	60.298	NaN
3217	374.476	60.156	NaN
3218	374.959	60.006	NaN
3219	375.436	59.867	NaN
3220	375.913	59.720	NaN
3221	376.383	59.584	NaN
3222	376.856	59.440	NaN
3223	377.320	59.296	NaN
3224	377.786	59.159	NaN
3225	378.252	59.023	NaN
3226	378.710	58.881	NaN
3227	379.170	58.751	NaN
3228	379.626	58.612	NaN
3229	380.083	58.473	NaN
3230	380.537	58.342	NaN
3231	380.996	58.206	NaN
3232	381.451	58.065	NaN
3233	381.911	57.924	NaN
3234	382.378	57.791	NaN
3235	382.843	57.653	NaN
3236	383.311	57.508	NaN
3237	383.785	57.368	NaN
3238	384.262	57.221	NaN
3239	384.742	57.063	NaN
3240	385.230	56.913	NaN
3241	385.725	56.748	NaN
3242	386.226	56.578	NaN
3243	386.737	56.412	NaN
3244	387.257	56.233	NaN
3245	387.784	56.045	NaN
3246	388.324	55.858	NaN
3247	388.869	55.673	NaN
3248	389.415	55.475	NaN
3249	389.967	55.275	NaN
3250	390.525	55.070	NaN
3251	391.083	54.860	NaN
3252	391.639	54.643	NaN
3253	392.194	54.424	NaN
3254	392.746	54.210	NaN
3255	393.294	53.983	NaN
3256	393.841	53.759	NaN
3257	394.378	53.538	NaN
3258	394.914	53.317	NaN
3259	395.434	53.098	NaN
3260	395.958	52.873	NaN
3261	396.456	52.657	NaN
3262	396.961	52.446	NaN
3263	397.433	52.243	NaN
3264	397.907	52.043	NaN
3265	398.361	51.861	NaN
3266	398.812	51.667	NaN
3267	399.245	51.482	NaN
3268	399.670	51.300	NaN
3269	400.091	51.122	NaN
3270	400.493	50.952	NaN
3271	400.899	50.783	NaN
3272	401.288	50.635	NaN
3273	401.675	50.477	NaN
3274	402.060	50.317	NaN
3275	402.427	50.177	NaN
3276	402.799	50.037	NaN
3277	403.162	49.887	NaN
3278	403.521	49.756	NaN
3279	403.883	49.622	NaN
3280	404.233	49.492	NaN
3281	404.583	49.356	NaN
3282	404.935	49.226	NaN
3283	405.282	49.102	NaN
3284	405.627	48.976	NaN
3285	405.977	48.849	NaN
3286	406.320	48.730	NaN
3287	406.668	48.623	NaN
3288	407.017	48.498	NaN
3289	407.359	48.401	NaN
3290	407.704	48.285	NaN
3291	408.053	48.164	NaN
3292	408.399	48.046	NaN
3293	408.752	47.936	NaN
3294	409.106	47.823	NaN
3295	409.464	47.724	NaN
3296	409.828	47.609	NaN
3297	410.194	47.509	NaN
3298	410.562	47.398	NaN
3299	410.937	47.287	NaN
3300	411.317	47.180	NaN
3301	411.703	47.059	NaN
3302	412.094	46.937	NaN
3303	412.497	46.820	NaN
3304	412.902	46.714	NaN
3305	413.321	46.594	NaN
3306	413.747	46.483	NaN
3307	414.183	46.358	NaN
3308	414.631	46.222	NaN
3309	415.088	46.085	NaN
3310	415.569	45.951	NaN
3311	416.053	45.812	NaN
3312	416.562	45.685	NaN
3313	417.082	45.531	NaN
3314	417.621	45.365	NaN
3315	418.176	45.206	NaN
3316	418.757	45.036	NaN
3317	419.355	44.861	NaN
3318	419.968	44.688	NaN
3319	420.597	44.499	NaN
3320	421.233	44.305	NaN
3321	421.882	44.112	NaN
3322	422.535	43.931	NaN
3323	423.191	43.759	NaN
3324	423.845	43.579	NaN
3325	424.491	43.413	NaN
3326	425.129	43.246	NaN
3327	425.753	43.102	NaN
3328	426.360	42.971	NaN
3329	426.958	42.851	NaN
3330	427.525	42.738	NaN
3331	428.092	42.625	NaN
3332	428.644	42.522	NaN
3333	429.195	42.416	NaN
3334	429.744	42.324	NaN
3335	430.296	42.234	NaN
3336	430.846	42.143	NaN
3337	431.402	42.046	NaN
3338	431.970	41.946	NaN
3339	432.556	41.850	NaN
3340	433.159	41.756	NaN
3341	433.778	41.645	NaN
3342	434.432	41.551	NaN
3343	435.112	41.437	NaN
3344	435.830	41.321	NaN
3345	436.587	41.197	NaN
3346	437.389	41.059	NaN
3347	438.253	40.892	NaN
3348	439.255	40.638	NaN
3349	440.582	40.382	NaN