1132.4266134686168
1147.8869467910563
1164.6315808323066
1181.376214873557
1196.940425930188
1206.5985003088215
1214.4229905030911
1219.2422318465299
1224.0614731899684
1228.880714533407
1233.6999558768455
1238.519197220284
1235.2865084299608
1228.9422240954798
1222.5979397609988
1216.2536554265178
1214.0773657238465
1210.6709119898355
1199.363571418321
1189.6442329980996
1180.2062781617537
1170.7683233254077
1161.3303684890616
1150.3692780512565
1139.0057720988596
1127.6422661464624
1116.2787601940654
1104.9152542416684
1094.379139675784
1077.5661246514767
1060.0868713138814
1042.607617976286
1025.1283646386908
1007.6491113010953
990.7390700801649
974.8895599212774
959.4279055792744
943.9662512372713
928.5045968952683
917.2415388387586
911.7974322402918
904.6426892400324
894.4839392082521
883.740097323681
872.1068325649239
864.962736742656
857.855087634657
850.747438526658
843.639789418659
836.5321403106599
830.7358442288814
826.2146927045602
822.3935822137861
818.5701431447435
812.3297646087361
805.86439434664
793.9295741160106
781.9947538853812
770.3031654100632
759.5185665050295
748.7339675999957
743.4553334727711
741.9807492027519
740.5061649327328
739.0315806627135
737.5569963926943
733.7232430389117
722.2248860178466
709.7123990366827
697.1999120555186
684.6874250743546
672.1749380931906
658.9919355095719
645.26450521086
631.5316762937794
617.7988473766987
604.0660184596181
592.8391474905069
583.2833103283481
573.563587168682
565.6658306056519
558.3717447284619
551.0776588512718
542.0521007151716
528.3647619974745
514.6774232797775
500.26496958875276
485.51608771863505
464.9254640162735
450.87469357845606
446.0772921770146
441.2798907755732
436.48248937413183
429.6064802155781
422.6231679221617
415.72475061935125
405.8626094127828
393.3402854720678
380.8179615313528
362.60878441614216
341.47358035089223
320.3383762856423
300.99681745357486
296.5427941586002
298.66676345438316
300.7370268952971
302.1172158814974
300.61292451481955
299.10863314814173
297.60434178146386
303.4544532872279
312.35862688349573
321.26280047976354
330.1669740760314
339.0711476722992
347.97532126856703
356.44346843634435
362.9977193623318
363.81615871925317
359.8582500313759
355.90034134349867
351.9424326556214
350.29890347619244
352.76954341576777
355.24018335534305
356.5197305824544
356.9826939223771
356.4222587451173
350.58152441249536
352.38627779373996
354.1910311749846
355.9957845562292
357.92456452063425
366.7996639574987
378.29103787752246
390.99027827205316
403.6895186665839
416.3887590611147
438.1052682037386
460.35114934420875
462.7735857388386
462.4915470192859
459.7243912066565
456.95723539402707
454.1900795813976
449.5874958211808
441.4095383850695
433.2315809489581
424.74014482990833
415.77386566064206
406.43062698087977
404.93566026338493
407.5234604361919
410.11126060899886
412.6990607818058
415.2868609546128
417.7564497531624
419.85502244806526
422.0322252295066
424.2549993592457
427.37170722469307
430.50363830439795
441.96118895708435
458.64351283581857
475.3258367145528
492.008160593287
508.6904844720213
529.769043160941
563.4558095155628
597.1425758701847
630.8293422248065
664.5161085794283
698.2028749340502
748.3656376874064
801.4456635739847
856.0816234446428
910.7175833153008
965.3535431859589
1001.5341191791174
1030.2656968169067
1059.1304915211813
1088.021375412379
1116.9122593035768
1140.4165207579772
1159.240916213835
1179.1637548309957
1199.0865934481565
1219.1381619476576
1241.9453667212404
1264.7525714948233
1287.970679088268
1311.8732443611877
1335.7758096341074
1341.4966013647768
1339.632450374659
1337.637130197791
1332.1425223741387
1326.6479145504863
1311.4619722479506
1279.2445112067337
1246.6202249035994
1213.5579004831177
1180.1426576444958
1152.1348836468426
1134.0732824176885
1116.1337351044735
1098.6272058307025
1081.6558725726254
1070.6608034810986
1069.5436339096493
1068.050357762025
1066.1383646964828
1063.7669801574898
1064.2880986638975
1071.445103245614
1078.5228323329957
1085.254981952949
1091.8371908051092
1093.3077779062291
1082.8726736511787
1070.760438932006
1056.7973384638228
1042.716546194918
1032.3736830116236
998.4588033387818
952.3090063942062
901.6152953543278
846.5799499696997
791.2678500603535
751.9750054857968
713.5000484975659
676.477242964632
640.2747701044273
605.0535390331347
583.4144181053589
566.2497168990549
549.9290590948589
534.6640819212022
521.1739691413293
539.7891673176524
569.1932406654555
597.1906209148054
624.4000111800068
653.3458521527214
679.503204099182
704.8327153893414
731.6764180115903
761.0259512887568
792.4688787192887
821.6861598463851
808.7304355839042
785.8977290204047
762.0876584143048
737.2064802643582
711.7492884503213
688.9321149625812
670.9150530429007
651.4715685998434
629.7170758353702
606.0799182457324
582.1404434183862
568.3877189222713
553.7367105495125
540.8967752928077
532.1878766067812
527.0734607438153
458.117396770508
431.3744002288817
559.0490889892598
598.625193564269
593.6923499848631
599.8244822433591
562.6955056169437
571.923099626953
629.2488583332877
653.849689888672
507.973601597168
636.983322736328
482.532064502116
435.06956691595536
528.932371758301
430.3014057718607
380.2916168078609
511.8778898755884
582.0283487070304
468.634440707396
475.759433103516
569.9245940822271
508.4858799620019
409.79616498409587
415.66713025
434.8586307454423
437.8937221533205
434.02527231879293
434.93655517639166
417.167583847461
417.46911215151476
380.980608304687
325.11664498714265
306.43862487487803
301.86439464599584
317.1747546947548
239.30017302064627
147.70332788337137
71.71869066015768
40.0313306079097
73.32823056989406
141.6513289524749
175.05729266030224
145.974233865722
26.39784638802109
25.896345554686828
50.60705436193917
-73.99983031876042
-280.20081696045
-406.6654270094013
-431.67020511038623
-450.3442129197055
-460.6710139519045
-479.8672767461667
-484.2065299144285
-492.0202080259037
-491.30441411640686
-464.95303699686207
-429.201818984375
-393.3210806542973
-387.04286294129736
-390.61591978082294
-410.2213611406247
-396.310560971679
-403.914845953125
-425.63922215831184
-446.0790957848682
-458.06781672753874
-461.8204603009766
-462.1343640619031
-458.7137384350585
-452.7731015767297
-447.900357976562
-442.1034769610595
-439.0856003332518
-436.30703844992917
-433.629296123047
-431.20081528602446
-428.7510816533206
-426.6085282865665
-423.6674350958982
-420.4466790440544
-417.2820537845052
-414.0558338315656
-410.7009755008947
-407.4356021555178
-404.15506965423606
-398.108926212565
-391.6934534675296
-385.052758757813
-378.3848007327773
-371.98615971160854
-365.20352991780567
-359.064821162109
-353.0498866650389
-347.99947723795617
-343.1443361279646
-337.96010178135424
-332.99292798284034
-326.93654198811834
-320.14006591259715
-312.9013747399904
-303.5666793087158
-295.94609689604044
-291.024192253906
