0.0
0.01075
0.043
0.09674999999999999
0.17200000000000001
0.26875
0.38699999999999996
0.52675
0.6880000000000001
0.8707500000000001
1.0750000000000002
1.3115000000000003
1.5910000000000004
1.9135000000000004
2.2790000000000004
2.6875000000000004
3.1390000000000007
3.6335000000000006
4.171
4.7515
5.375
6.063
6.837
7.697
8.642999999999999
9.674999999999999
10.792999999999997
11.996999999999996
13.286999999999995
14.662999999999995
16.124999999999993
17.662249999999993
19.263999999999996
20.930249999999997
22.660999999999998
24.45625
26.316000000000003
28.240250000000003
30.229000000000006
32.282250000000005
34.400000000000006
36.58225
38.829
41.14025
43.516
45.95625
48.46099999999999
51.03024999999999
53.66399999999999
56.36224999999998
59.12499999999998
61.99524999999998
65.01599999999998
68.18724999999998
71.50899999999997
74.98124999999997
78.60399999999997
82.37724999999996
86.30099999999996
90.37524999999995
94.59999999999995
99.00749999999995
103.62999999999995
108.46749999999996
113.51999999999997
118.78749999999997
124.26999999999997
129.96749999999994
135.87999999999994
142.00749999999994
148.34999999999994
154.97199999999992
161.93799999999993
169.24799999999993
176.90199999999993
184.89999999999992
193.2419999999999
201.9279999999999
210.9579999999999
220.3319999999999
230.0499999999999
240.1549999999999
250.68999999999988
261.65499999999986
273.04999999999984
284.87499999999983
297.1299999999998
309.8149999999998
322.9299999999998
336.47499999999974
350.4499999999997
364.8119999999997
379.51799999999974
394.56799999999976
409.96199999999976
425.69999999999976
441.7819999999998
458.20799999999986
474.9779999999999
492.0919999999999
509.54999999999995
527.2122499999999
544.9389999999999
562.7302499999998
580.5859999999998
598.5062499999998
616.4909999999998
634.5402499999998
652.6539999999998
670.8322499999997
689.0749999999997
707.3822499999997
725.7539999999997
744.1902499999997
762.6909999999996
781.2562499999996
799.8859999999995
818.5802499999995
837.3389999999995
856.1622499999995
875.0499999999995
894.0022499999994
913.0189999999994
932.1002499999994
951.2459999999994
970.4562499999994
989.7309999999993
1009.0702499999993
1028.4739999999993
1047.9422499999991
1067.4749999999992
1087.0829999999992
1106.7769999999991
1126.556999999999
1146.422999999999
1166.374999999999
1186.4129999999989
1206.5369999999987
1226.7469999999985
1247.0429999999983
1267.4249999999981
1288.0219999999981
1308.9629999999981
1330.2479999999982
1351.8769999999984
1373.8499999999983
1396.1669999999983
1418.8279999999984
1441.8329999999985
1465.1819999999984
1488.8749999999984
1512.9442499999984
1537.4219999999984
1562.3082499999985
1587.6029999999985
1613.3062499999985
1639.4179999999985
1665.9382499999986
1692.8669999999986
1720.2042499999986
1747.9499999999987
1776.0289999999986
1804.3659999999986
1832.9609999999984
1861.8139999999983
1890.9249999999981
1920.293999999998
1949.920999999998
1979.805999999998
2009.9489999999978
2040.3499999999976
2070.8907499999978
2101.4529999999977
2132.0367499999975
2162.6419999999976
2193.2687499999975
2223.916999999997
2254.586749999997
2285.277999999997
2315.9907499999968
2346.7249999999967
2377.4807499999965
2408.2579999999966
2439.0567499999966
2469.8769999999963
2500.7187499999964
2531.5819999999962
2562.466749999996
2593.372999999996
2624.300749999996
2655.249999999996
2686.252999999996
2717.341999999996
2748.516999999996
2779.777999999996
2811.1249999999964
2842.5579999999964
2874.0769999999966
2905.6819999999966
2937.372999999997
2969.149999999997
3001.088249999997
3033.262999999997
3065.6742499999973
3098.3219999999974
3131.2062499999975
3164.3269999999975
3197.6842499999975
3231.2779999999975
3265.1082499999975
3299.1749999999975
3333.4244999999974
3367.802999999997
3402.3104999999973
3436.9469999999974
3471.7124999999974
3506.6069999999972
3541.630499999997
3576.782999999997
3612.064499999997
3647.474999999997
3682.960749999997
3718.467999999997
3753.996749999997
3789.546999999997
3825.118749999997
3860.711999999997
3896.3267499999965
3931.9629999999966
3967.6207499999964
4003.299999999996
4038.989999999996
4074.679999999996
4110.369999999996
4146.059999999996
4181.749999999995
4217.439999999995
4253.129999999995
4288.819999999994
4324.509999999994
4360.199999999993
4395.922249999993
4431.7089999999935
4467.560249999994
4503.475999999994
4539.456249999995
4575.500999999995
4611.610249999995
4647.783999999995
4684.022249999995
4720.324999999995
4756.756749999995
4793.381999999995
4830.2007499999945
4867.212999999994
4904.418749999994
4941.817999999994
4979.410749999994
5017.196999999994
5055.176749999993
5093.349999999993
5131.727499999994
5170.319999999993
5209.127499999993
5248.149999999993
5287.387499999993
5326.839999999994
5366.507499999994
5406.389999999994
5446.487499999994
5486.799999999994
5527.219999999994
5567.639999999994
5608.059999999994
5648.479999999994
5688.899999999994
5729.319999999994
5769.739999999994
5810.159999999994
5850.5799999999945
5890.9999999999945
5931.366249999995
5971.6249999999945
6011.776249999994
6051.819999999994
6091.756249999994
6131.584999999994
6171.306249999993
6210.919999999993
6250.426249999993
6289.824999999993
6329.062499999994
6368.084999999994
6406.892499999994
6445.484999999993
6483.862499999993
6522.024999999993
6559.9724999999935
6597.704999999994
6635.2224999999935
6672.524999999993
6709.526499999993
6746.140999999992
6782.368499999992
6818.208999999992
6853.662499999991
6888.728999999991
6923.40849999999
6957.70099999999
6991.60649999999
7025.12499999999
7058.28874999999
7091.129999999989
7123.648749999989
7155.844999999989
7187.718749999989
7219.269999999989
7250.498749999989
7281.404999999989
7311.988749999989
7342.249999999988
7372.2424999999885
7402.019999999989
7431.582499999989
7460.9299999999885
7490.062499999988
7518.979999999988
7547.682499999988
7576.169999999988
7604.442499999988
7632.499999999988
7660.406999999988
7688.227999999988
7715.962999999989
7743.611999999989
7771.174999999989
7798.65199999999
7826.042999999991
7853.347999999991
7880.566999999991
7907.699999999992
7934.789999999992
7961.879999999992
7988.969999999992
8016.059999999992
8043.149999999992
8070.2399999999925
8097.329999999993
8124.419999999993
8151.509999999993
8178.599999999993
8205.689999999993
8232.779999999993
8259.869999999994
8286.959999999994
8314.049999999994
8341.139999999994
8368.229999999994
8395.319999999994
8422.409999999994
8449.499999999995
8476.585520833329
8503.662083333329
8530.729687499996
8557.78833333333
8584.838020833331
8611.878749999998
8638.910520833331
8665.933333333332
8692.9471875
8719.952083333334
