0.0
0.0004
0.0016
0.0036000000000000008
0.006400000000000001
0.010000000000000002
0.014400000000000003
0.019600000000000003
0.025600000000000005
0.032400000000000005
0.04000000000000001
0.04880000000000001
0.05920000000000001
0.07120000000000001
0.08480000000000001
0.1
0.1168
0.1352
0.15519999999999998
0.17679999999999998
0.19999999999999998
0.2256
0.2544
0.28640000000000004
0.32160000000000005
0.36000000000000004
0.40160000000000007
0.4464000000000001
0.49440000000000006
0.5456000000000001
0.6000000000000001
0.6572000000000001
0.7168000000000001
0.7788000000000002
0.8432000000000002
0.9100000000000001
0.9792000000000002
1.0508000000000002
1.1248000000000002
1.2012000000000003
1.2800000000000002
1.3612000000000002
1.4448000000000003
1.5308000000000004
1.6192000000000004
1.7100000000000004
1.8032000000000004
1.8988000000000003
1.9968000000000004
2.0972000000000004
2.2
2.3068
2.4192
2.5372
2.6608
2.79
2.9248000000000003
3.0652000000000004
3.2112000000000003
3.3628000000000005
3.5200000000000005
3.6840000000000006
3.8560000000000008
4.0360000000000005
4.224
4.42
4.624
4.835999999999999
5.055999999999999
5.283999999999999
5.519999999999999
5.766399999999999
6.025599999999999
6.297599999999999
6.582399999999999
6.879999999999999
7.190399999999999
7.5135999999999985
7.849599999999999
8.1984
8.559999999999999
8.935999999999998
9.327999999999998
9.735999999999997
10.159999999999997
10.599999999999996
11.055999999999996
11.527999999999995
12.015999999999995
12.519999999999994
13.039999999999994
13.574399999999994
14.121599999999994
14.681599999999994
15.254399999999995
15.839999999999995
16.438399999999994
17.049599999999995
17.673599999999993
18.310399999999994
18.959999999999994
19.617199999999993
20.276799999999994
20.938799999999993
21.603199999999994
22.269999999999992
22.939199999999992
23.610799999999994
24.284799999999994
24.961199999999995
25.639999999999993
26.321199999999994
27.004799999999992
27.690799999999992
28.379199999999994
29.069999999999993
29.763199999999994
30.458799999999993
31.156799999999993
31.85719999999999
32.559999999999995
33.26519999999999
33.97279999999999
34.68279999999999
35.395199999999996
36.10999999999999
36.82719999999999
37.54679999999999
38.26879999999999
38.993199999999995
39.71999999999999
40.44959999999999
41.18239999999999
41.918399999999984
42.65759999999998
43.39999999999998
44.14559999999998
44.89439999999998
45.646399999999986
46.40159999999999
47.15999999999999
47.92639999999999
48.70559999999999
49.49759999999999
50.30239999999999
51.11999999999999
51.95039999999999
52.79359999999999
53.64959999999999
54.51839999999999
55.39999999999999
56.29559999999999
57.206399999999995
58.1324
59.0736
60.03
61.0016
61.988400000000006
62.99040000000001
64.00760000000001
65.04
66.0848
67.1392
68.20320000000001
69.27680000000001
70.36000000000001
71.45280000000001
72.55520000000001
73.66720000000001
74.78880000000001
75.92000000000002
77.05640000000001
78.19360000000002
79.33160000000002
80.47040000000003
81.61000000000003
82.75040000000003
83.89160000000003
85.03360000000002
86.17640000000002
87.32000000000002
88.46440000000003
89.60960000000003
90.75560000000003
91.90240000000003
93.05000000000003
94.19840000000002
95.34760000000001
96.49760000000002
97.64840000000002
98.80000000000003
99.95360000000002
101.11040000000003
102.27040000000002
103.43360000000003
104.60000000000002
105.76960000000003
106.94240000000002
108.11840000000002
109.29760000000002
110.48000000000002
111.66840000000002
112.86560000000001
114.07160000000002
115.28640000000001
116.51000000000002
117.74240000000002
118.98360000000002
120.23360000000002
121.49240000000002
122.76000000000002
124.03440000000002
125.31360000000002
126.59760000000003
127.88640000000002
129.18000000000004
130.47840000000002
131.78160000000003
133.08960000000002
134.40240000000003
135.72000000000003
137.04040000000003
138.36160000000004
139.68360000000004
141.00640000000004
142.33000000000004
143.65440000000004
144.97960000000003
146.30560000000003
147.63240000000002
148.96
150.288
151.616
152.94400000000002
154.27200000000002
155.60000000000002
156.92800000000003
158.25600000000003
159.58400000000003
160.91200000000003
162.24000000000004
163.56920000000002
164.90080000000003
166.23480000000004
167.57120000000003
168.91000000000003
170.2512
171.59480000000002
172.94080000000002
174.28920000000002
175.64000000000001
176.99560000000002
178.35840000000002
179.72840000000002
181.1056
182.49
183.88160000000002
185.28040000000001
186.68640000000002
188.0996
189.52
190.948
192.38400000000001
193.828
195.28
196.74
198.208
199.684
201.168
202.66
204.16
205.664
207.16799999999998
208.67199999999997
210.17599999999996
211.67999999999995
213.18399999999994
214.68799999999993
216.19199999999992
217.6959999999999
219.1999999999999
220.7019999999999
222.1999999999999
223.6939999999999
225.1839999999999
226.6699999999999
228.1519999999999
229.6299999999999
231.1039999999999
232.5739999999999
234.0399999999999
235.49999999999991
236.9519999999999
238.3959999999999
239.8319999999999
241.2599999999999
242.6799999999999
244.0919999999999
245.4959999999999
246.89199999999988
248.2799999999999
249.6567999999999
251.0191999999999
252.3671999999999
253.7007999999999
255.0199999999999
256.32479999999987
257.61519999999985
258.89119999999986
260.15279999999984
256.09939999999983
246.84439999999984
237.67939999999984
228.60439999999986
219.61939999999987
210.72439999999986
201.91939999999985
193.20439999999985
184.57939999999985
176.04439999999985
167.59939999999986
159.22939999999986
150.91939999999985
142.66939999999985
134.47939999999986
126.34939999999986
118.27939999999987
110.26939999999986
102.31939999999986
94.42939999999986
86.59939999999986
78.81139999999986
71.04739999999987
63.307399999999866
55.591399999999865
47.899399999999865
40.231399999999866
32.58739999999987
24.967399999999866
17.371399999999866
9.799399999999865
2.2393999999998657
-5.320600000000134
-12.880600000000133
-20.44060000000013
-28.00060000000013
-35.56060000000013
-43.12060000000013
-50.68060000000013
-58.240600000000136
-65.80060000000013
-73.36060000000013
-80.92060000000014
-88.48060000000014
-96.04060000000014
-103.60060000000014
-111.16060000000014
-118.72060000000015
-126.28060000000015
-133.84060000000014
-141.40060000000014
-148.95935000000014
-156.51560000000015
-164.06935000000016
-171.62060000000017
-179.16935000000018
-186.71560000000017
-194.25935000000015
-201.80060000000014
-209.33935000000014
-216.87560000000013
