3773.791518784369
3773.399250197603
3773.008434984033
3772.617619770463
3772.223505475931
3771.812884536468
3771.4078532953545
3771.0123222111256
3770.6167911268967
3770.221260042668
3769.825728958439
3769.43019787421
3769.04522274142
3768.664326860551
3768.2834309796813
3767.902535098812
3767.517525034342
3767.130587114937
3766.73525276654
3766.349467091846
3765.965373379613
3765.58127966738
3765.1971859551472
3764.81641195279
3764.4365150245144
3764.0566180962387
3763.676721167963
3763.2968242396873
3762.9250897372194
3762.542379807439
3762.15745778979
3761.7725357721406
3761.3876137544917
3761.0026917368427
3760.627772114648
3760.261510293742
3759.8980279441776
3759.5345455946126
3759.171063245048
3758.809468191256
3758.4504887932076
3758.08797869414
3757.7192684167785
3757.353562129015
3756.9924223329044
3756.6364748569185
3756.2805695363986
3755.924664215879
3755.568758895359
3755.2128535748393
3754.8601585074957
3754.5105850533137
3754.165642503692
3753.820675245095
3753.458965963009
3753.0975344583094
3752.742855599765
3752.3881767412204
3752.0349464250276
3751.68711759436
3751.3392887636924
3750.9977498629214
3750.660556650489
3750.3233634380567
3749.986170225624
3749.6489770131916
3749.301768402733
3748.931882896442
3748.5685579527794
3748.2052330091165
3747.8419080654535
3747.478583121791
3747.1203299306594
3746.773137464978
3746.42810613491
3746.083074804842
3745.7380434747743
3745.3868689612373
3745.033825186246
3744.6814506901114
3744.334997083228
3743.9905052396834
3743.646013396139
3743.3050992301933
3742.973817530415
3742.6425358306374
3742.315176478767
3741.9896369601825
3741.6445984128236
3741.3042287792555
3740.9730892888874
3740.641949798519
3740.310810308151
3739.992673197708
3739.675207303911
3739.3581256101797
3739.0371681391807
3738.7077374164887
3738.3783066937963
3738.0514095727476
3737.725816052559
3737.4002225323698
3737.0751570330685
3736.738236117535
3736.3780921759094
3736.017878220929
3735.6573642960025
3735.2955965101164
3734.933828724231
3734.5720609383447
3734.1713947874027
3733.7544639771027
3733.3375331668026
3732.9206023565025
3732.5036715462024
3732.0867407359024
3731.65103543847
3731.178165631914
3730.6963623185134
3730.2073135360106
3729.718264753508
3729.229215971005
3728.71977159109
3728.174070868284
3727.628370145478
3727.078256571985
3726.525117656527
3725.9709655344323
3725.373293427762
3724.7413799838055
3724.1094665398487
3723.477553095892
3722.845512309647
3722.2063395022174
3721.5040085225987
3720.7725190432616
3720.041029563925
3719.309540084588
3718.561427909359
3717.8072200728216
3716.9892214071674
3716.1682727206917
3715.3446132874496
3714.520953854208
3713.697294420966
3712.8609983197493
3712.0000862644783
3711.139174209207
3710.2753130669685
3709.4076757585694
3708.538966946029
3707.6760136205266
3706.816054369647
3705.956095118768
3705.0961358678887
3704.2361766170093
3703.3799138512895
3702.5643355865227
3701.75072496848
3700.9387066339277
3700.157922747831
3699.3771684062312
3698.5753632191504
3697.756576703709
3696.937790188267
3696.1190036728253
3695.3002171573835
3694.4794688177744
3693.61269863234
3692.7459284469055
3691.8791582614713
3691.012388076037
3690.1456178906024
3689.099543987231
3688.0290913384806
3686.942983018847
3685.8568746992128
3684.7707663795786
3683.5634874913926
3682.3073014998995
3681.048195748344
3679.7885181919287
3678.528840635513
3677.242517534525
3675.928401459403
3674.6139507096486
3673.299499959894
3671.9824083940193
3670.6087866071675
3669.235164820316
3667.861543033465
3666.4879212466135
3665.114299459762
3663.7406776729104
3662.367055886059
3660.9934340992077
3659.619812312356
3658.2461905255045
3657.1080080629563
3656.3009507404518
3655.216596228748
3653.8415003795476
3652.3826273684695
3650.829011084997
3649.281736772001
3647.9719365137444
3646.776700699444
3645.6038291270147
3644.3745830291004
3642.9661766332274
3641.4360102299297
3639.988623556535
3638.7365760257385
3637.6299578943663
3636.5227492766776
3635.200624503414
3633.700968699194
3632.2777030468646
3630.7565840870393
3629.0061747642203
3627.136135344536
3625.3616998204498
3623.737628253448
3622.4334287252586
3621.2887715854777
3620.5541564308583
3620.329119941713
3620.3784051147554
3620.2940308523303
3619.7852968819952
3618.797748913696
3617.077043911307
3614.483235698972
3611.6560713479826
3609.15454464343
3607.170885595916
3605.6689517281084
3604.3969352385147
3602.974352138415
3601.340529901998
3599.540243747956
3597.7996052052545
3596.2484423304686
3594.8810249719186
3593.6428032870394
3592.4634106390176
3591.323994704164
3590.1471684154794
3588.9217398990036
3587.8036145100978
3586.8761276433324
3586.0990431578102
3585.4623621734454
3584.9338414930644
3584.4990389316426
3584.185432556965
3583.848033560683
3583.243216136914
3582.282784650043
3581.1571442176846
3579.764035370474
3578.052892802195
3576.296711218147
3574.598184216008
3573.0753895281755
3571.7567940771532
3570.29739677051
3568.734400228885
3567.0479778781487
3565.3276935642725
3563.52234998486
3561.55848224336
3559.560505616942
3557.63309962695
3555.7102869047185
3553.83968988867
3552.0569349305
3550.27332273633
3548.5853978354467
3547.078316915954
3545.7523717583
3544.472175002629
3543.15786680786
3541.871889875584
3540.395848707032
3538.6419407074
3536.909433103515
3535.276594082228
3533.8549708710934
3532.5761649840956
3531.342130250005
3530.178630745443
3529.01372215332
3527.6374945410153
3526.2815551763947
3525.08758384746
3523.90111215151
3522.68060830469
3521.3955338760356
3520.0498748748787
3518.739394645993
3517.48761183761
3516.201601592076
3514.8076135976544
3513.1286906601576
3511.08133060791
3508.75251628418
3506.2046622858097
3503.5672926603042
3501.12423386572
3498.958957499131
3496.8975955546875
3495.0195543619375
3493.435169681245
3492.38918303955
3492.0533229905986
3492.30693774676
3492.8991204136246
3493.573986048095
3494.104723253834
3494.3734700855703
3494.373791974099
3494.0685858835923
3493.571248717423
3493.013181015625
3492.4589193457027
3491.9415815031443
3491.4911635525114
3491.272638859374
3491.33943902832
3491.28515404688
3491.1185556194655
3490.882722396948
3490.650754701034
3490.369539699022
3490.0556359380967
3489.7112615649403
3489.555469851844
3489.50964202344
3489.48652303894
3489.3910663334154
3489.1893251864335
3488.98070387695
3488.7680736028665
3488.5864183466815
3488.2725828245398
3487.9015649041
3487.4866542892787
3487.131279548832
3486.8096207138874
3486.3890244991067
3485.90064784448
3485.3524303457675
3484.841073787437
3484.421546532468
3484.06724124219
3483.468835630857
3482.861340288389
3482.2864700821965
3481.74517883789
3481.28411333496
3480.6838560953734
3480.0442353006056
3479.424183932929
3478.85992916002
3478.4034580118832
3477.9299340874036
3477.418625260006
3476.95332069128
3476.750266740323
3476.41580774609
