0.0
0.001
0.002
0.003
0.004
0.005
0.006
0.007
0.008
0.009000000000000001
0.01
0.012
0.013999999999999999
0.016
0.018
0.019999999999999997
0.022
0.023999999999999997
0.025999999999999995
0.027999999999999997
0.03
0.034
0.038
0.042
0.046
0.05
0.054000000000000006
0.05800000000000001
0.062000000000000006
0.066
0.07
0.07300000000000001
0.07600000000000001
0.07900000000000001
0.082
0.085
0.08800000000000001
0.09100000000000001
0.094
0.097
0.1
0.10300000000000001
0.10600000000000001
0.10900000000000001
0.112
0.115
0.11800000000000001
0.12100000000000001
0.124
0.127
0.13
0.137
0.14400000000000002
0.15100000000000002
0.158
0.165
0.17200000000000001
0.17900000000000002
0.186
0.193
0.2
0.21000000000000002
0.22
0.23
0.24
0.25
0.26
0.27
0.28
0.29
0.3
0.316
0.332
0.348
0.364
0.38
0.396
0.41200000000000003
0.42800000000000005
0.44400000000000006
0.46
0.48000000000000004
0.5
0.52
0.54
0.56
0.5800000000000001
0.6000000000000001
0.62
0.64
0.66
0.676
0.6920000000000001
0.708
0.724
0.74
0.756
0.772
0.788
0.8039999999999999
0.82
0.823
0.826
0.829
0.832
0.835
0.838
0.841
0.844
0.847
0.85
0.853
0.856
0.859
0.862
0.865
0.868
0.871
0.874
0.877
0.88
0.883
0.886
0.889
0.892
0.895
0.898
0.901
0.904
0.907
0.91
0.914
0.918
0.922
0.926
0.9299999999999999
0.9339999999999999
0.938
0.942
0.946
0.95
0.966
0.982
0.998
1.014
1.03
1.046
1.062
1.078
1.094
1.11
1.129
1.1480000000000001
1.167
1.1860000000000002
1.205
1.224
1.243
1.262
1.2810000000000001
1.3
1.312
1.324
1.336
1.348
1.3599999999999999
1.3719999999999999
1.384
1.396
1.408
1.42
1.4209999999999998
1.422
1.423
1.424
1.4249999999999998
1.426
1.427
1.428
1.4289999999999998
1.43
1.431
1.432
1.4329999999999998
1.434
1.435
1.436
1.4369999999999998
1.438
1.439
1.44
1.444
1.448
1.452
1.456
1.46
1.464
1.468
1.472
1.476
1.48
1.491
1.502
1.513
1.524
1.5350000000000001
1.546
1.557
1.568
1.5790000000000002
1.59
1.596
1.602
1.608
1.614
1.62
1.626
1.632
1.638
1.644
1.65
1.6509999999999998
1.652
1.653
1.654
1.6549999999999998
1.656
1.657
1.658
1.6589999999999998
1.66
1.66
1.66
1.66
1.66
1.66
1.66
1.66
1.66
1.66
1.66
1.6629999999999998
1.666
1.669
1.672
1.6749999999999998
1.678
1.681
1.684
1.6869999999999998
1.69
1.6989999999999998
1.708
1.717
1.726
1.7349999999999999
1.744
1.7530000000000001
1.762
1.771
1.78
1.79
1.8
1.81
1.82
1.83
1.8399999999999999
1.8499999999999999
1.8599999999999999
1.8699999999999999
1.88
1.88
1.88
1.88
1.88
1.88
1.88
1.88
1.88
1.88
1.88
1.875
1.8699999999999999
1.865
1.8599999999999999
1.855
1.85
1.845
1.84
1.835
1.83
1.82
1.81
1.8
1.79
1.78
1.77
1.76
1.75
1.74
1.73
1.712
1.694
1.676
1.658
1.6400000000000001
1.622
1.604
1.586
1.568
1.55
1.5350000000000001
1.52
1.505
1.49
1.475
1.46
1.4449999999999998
1.43
1.415
1.4
1.39
1.38
1.3699999999999999
1.3599999999999999
1.35
1.34
1.33
1.32
1.31
1.3
1.296
1.292
1.288
1.284
1.28
1.276
1.272
1.268
1.264
1.26
1.26
1.26
1.26
1.26
1.26
1.26
1.26
1.26
1.26
1.26
1.26
1.26
1.26
1.26
1.26
1.26
1.26
1.26
1.26
1.26
1.2595833333333333
1.2591666666666668
1.25875
1.2583333333333333
1.2579166666666666
1.2574999999999998
1.2570833333333333
1.2566666666666666
1.2562499999999999
1.2558333333333334
