-438
-438
-438
-438
-438
-438
-438
-438
-442.9
-437.9
-435.8
-443.7
-449.1
-444.6
-442.5
-439.3
-440.9
-442.5
-436.6
-430
-435.9
-436.9
-438.5
-444.5
-446.4
-447.7
-443.4
-441.6
-438.1
-439.1
-445.4
-447.3
-443.1
-438.6
-439
-442.7
-442.7
-439
-439.5
-439.7
-442.9
-438.3
-436.4
-443
-441.9
-439.6
-441.9
-446.9
-447.9
-440.4
-436
-438.3
-438.8
-438.2
-440.8
-444
-443.8
-446
-447.1
-443.3
-444.4
-445.3
-445.5
-443.8
-441.2
-437.1
-439.7
-440.7
-440.3
-441.2
-441.7
-443.7
-442.4
-437.3
-431
-443.9
-446.7
-442.4
-441.8
-436.2
-439.6
-446.2
-439
-438.1
-445.2
-449.9
-441.7
-434.5
-440.3
-446.1
-446.5
-442.4
-439.5
-441.2
-438.5
-437.1
-440.6
-441.7
-439.8
-438.8
-436.7
-437
-443.5
-443.4
-436.2
-434.1
-434.5
-437.8
-441.8
-440.8
-438
-439.4
-442
-442.4
-442.5
-443.5
-444.6
-444
-441.2
-434.7
-431.2
-431.2
-431.2
-431.2
-431.2
-432.7
-436.8
-440
-443.3
-441.5
-436.5
-438
-444.9
-442
-440.2
-442
-437.2
-436.9
-440.3
-439.3
-436.3
-437.4
-437.5
-435
-435
-436.8
-437.9
-437.5
-437.8
-438.37
-438.93
-439.5
-439.3
-437.1
-435.3
-438.8
-442.4
-439.25
-436.1
-439
-440.2
-437.6
-436.4
-441.3
-447.5
-444.4
-439.6
-441.4
-441.5
-435.3
-435.2
-439.5
-442.3
-444.9
-444
-440.5
-440.5
-443.2
-444
-440.5
-436.5
-436.8
-437.1
-438.1
-441.2
-439.7
-436
-436.2
-433.1
-436
-435.7
-436
-440
-439
-440.9
-441
-439.5
-438.5
-439
-433.3
-422.6
-431.35
-440.1
-439.5
-438
-435.9
-436.1
-437.6
-438.3
-438.4
-438.6
-437.5
-432
-433.2
-438.8
-437
-437
-439
-436.5
-436
-437.1
-436.5
-434.1
-431.7
-433
-435.5
-438
-437.2
-433.9
-433.8
-430.2
-429.6
-435.4
-437.4
-437.6
-436.9
-434.5
-434.5
-436.1
-433.8
-434.9
-435.5
-430
-428.7
-432.8
-439.5
-437.4
-434.1
-436
-436
-436
-436.6
-436.9
-435.2
-432.5
-433.5
-434.5
-431.6
-431.3
-431.9
-430.3
-429.8
-425.8
-425.3
-431.2
-433
-431.7
-434.5
-437.4
-437.8
-439.5
-439.6
-439.7
-441
-443.2
-444.2
-447.1
-445.3
-443.1
-447
-448.5
-446.5
-447.3
-453.2
-455
-453.6
-451.5
-452.4
-455.3
-455.3
-453.27
-451.23
-449.2
-450.2
-450.8
-451.8
-452.9
-452.3
-452.1
-450.5
-448.8
-448.8
-451.8
-455.5
-453.9
-451.2
-449.4
-447.2
-442.9
-442
-443.2
-442.1
-443.65
-445.2
-446.75
-448.3
-449.85
-451.4
-452.95
-454.5
-451.7
-452.8
-456
-453.8
-453.5
-454.8
-457.1
-458.1
-456.7
-458
-462
-462.5
-460.1
-459
-458.6
-461.1
-464.5
-463.8
-462.9
-463.7
-462
-462.4
-467.5
-466.3
-464.9
-466.9
-468.5
-470.9
-471.8
-471.8
-471
-471.2
-472.4
-473.6
-475.6
-480.7
-481.8
-479
-476.4
-476
-475.5
-479.4
-480.5
-477
-477.6
-478
-477.9
-477.3
-477.5
-480.15
-482.8
-480
-478.4
-477.5
-478.9
-482.1
-481.7
-483.5
-481.9
-476.6
-476.9
-479.8
-480.7
-479.35
-478
-476.4
-477.4
-480.1
-481.9
-483.5
-482.4
-482.9
-479.2
-477
-478.3
-476.4
-478.2
-480
-479.8
-479.5
-479.6
-479.1
-478.6
-479
-480.1
-480
-479
-478.9
-478.9
-479.45
-480
-477.8
-475.6
-477.4
-480.9
-481.5
-480.2
-480.4
-482
-484.5
-484.5
-482.3
-481.4
-481.85
-482.3
-482.75
-483.2
-479.5
-479.2
-482.7
-484.5
-485.1
-485.8
-483
-478.3
-480.95
-483.6
-483.6
-483.6
-482.5
-481.4
-480
-479.1
-484
-488.3
-482.7
-477.1
-477
-477
-475.5
-474
-477.45
-480.9
-480
-479.1
-478.2
-479.5
-481.8
-481
-478.4
-474.5
-474.1
-475.8
-476
-477.1
-477.2
-475.3
-475.8
-477.7
-479.3
-480.7
-481
-481
-478.9
-477.8
-479.9
-484.4
-486.7
-486.7
-485.5
-484.3
-481.4
-479.6
-482.3
-484.6
-483.8
-482.3
-481.2
-480.1
-478.85
-477.6
-481.7
-485.7
-483.58
-481.47
-479.35
-477.23
-475.12
-473
-473
-474.62
-476.24
-477.86
-479.48
-481.1
-482.9
-483
-482.8
-484.3
-483.4
-482.6
-480.5
-475.6
-474.9
-478.5
-479.8
-479.3
-478.63
-477.95
-477.27
-476.6
-478.6
-480.5
-480.8
-481.1
-479.9
-478.7
-479.4
-481
-482
-480.4
-477.2
-475.6
-473.4
-473.2
-473.5
-475.3
-476.4
-472.4
-475.2
-477.7
-474.7
-472.5
-473
-477.6
-477.6
-476.5
-478.3
-478.4
-478.4
-476.8
-475.2
-477.4
-478
-476.6
-475.5
-475.8
-476.9
-475.8
-471.9
-474
-473.3
-470.2
-472.3
-469.2
-468.8
-469.6
-467.9
-466.9
-463.5
-461.6
-463
-465.8
-468.6
-468.1
-467.6
-465
-464.1
-464.9
-466
-466.6
-465.1
-466.4
-467
-467.3
-470
-471.1
-472.9
-474.9
-476
-478.9
-476.5
-472.7
-474.5
-472.6
-468.8
-470.6
-472.4
-473.25
-474.1
-474.1
-474.5
-475.9
-473.5
-468.5
-471
-474
-472.3
-471.4
-470.5
-471.3
-472.7
-473.5
-474.5
-475.3
-475.8
-475.8
-474.4
-473.1
-472.85
-472.6
-472.35
-472.1
-470
-468.3
-468.3
-469.7
-470.2
-470.2
-469.5
-469.5
-468.2
-465.6
-470.2
-474.5
-474.2
-476
-475.2
-470.6
-471.8
-474.2
-473
-472.1
-472.8
-471.5
-467.2
-467.2
-471
-472.3
-468.1
-463.9
-463.4
-462.9
-463.3
-465.7
-461.6
-460
-463.3
-461.7
-460.9
-464.5
-467
-462.8
-460.8
-464.7
-467.1
-465.3
-465.9
-465.5
-467.1
-469.8
-468.7
-468.3
-468.6
-467.8
-466.2
-466
-469.3
-471.8
-465.6
-465.9
-473.2
-472.7
-472
-474.8
-474.4
-473.5
-475.1
-476.8
-474.8
-475
-478.3
-476
-470.1
-472.5
-477.9
-475.5
-473.3
-473.6
-473.4
-477.7
-482.3
-480.8
-479.2
-481
-477.6
-472.6
-474.9
-475.4
-475.5
-477.7
-477.7
-478.2
-478.5
-476.3
-474.1
-474.8
-474.9
-472.3
-473.7
-475
-473.5
-471.2
-469
-470.5
-473.9
-472.8
-474.2
-475.5
-471.7
-471.2
-474
-474.7
-472.3
-473.5
-472.5
-469.7
-469.9
-468.4
-468.6
-471.2
-471.8
-472.5
-472
-471.1
-468.2
-468.3
-469
-466.7
-466.7
-469
-469.5
-470.1
-468.3
-465.4
-467.1
-467.2
-464.7
-463.8
-466.3
-467.8
-465.8
-466.8
-466.8
-467.5
-467
-464.7
-467.9
-470
-468.9
-468
-463
-456.1
-459.5
-465.8
-467.1
-470.8
-473.1
-472.1
-466.3
-467
-469.6
-466.8
-466.8
-468.3
-468.5
-466.7
-463.6
-467
-470.2
-470.8
-473.7
-470.3
-470
-475
-476.5
-475.8
-471.5
-467.2
-466.6
-469.6
-473.2
-473.2
-472.6
-469.5
-470.6
-472.2
-470.1
-472.85
-475.6
-475
-471.6
-472.4
-474
-470.2
-471.3
-470.9
-471.3
-473.4
-471
-470.1
-466.6
-465.1
-467
-465.6
-464.3
-465.6
-466.3
-467.9
-464.4
-461.8
-463.5
-462.7
-461.2
-462.5
-463.6
-461.5
-463.5
-463.5
-459
-459.4
-462.2
-459.7
-455.1
-454.9
-457.9
-460.1
-461.2
-456.9
-457.1
-461.9
-461.9
-462
-467.5
-465.9
-460.7
-462.7
-460.7
-460.5
-462.2
-462.6
-458.4
-458.1
-462.4
-464.1
-466.8
-468
-469.2
-468.4
-467.9
-469.1
-471.3
-470.7
-468
-467.9
-469
-468
-466
-466
-466
-467.7
-471.8
-472
-469.7
-469.5
-470
-471.5
-470.6
-470.5
-472
-472.3
-472.5
-476.7
-477.7
-474.7
-473.7
-472
-474.1
-474
-474.8
-476.4
-474
-471.8
-472.4
-474.8
-475.4
-475.1
-477.5
-479.2
-478.7
-481.4
-481
-478.9
-478.1
-477.9
-477.9
-477.9
-477.9
-475.5
-471.4
-470.4
-473.9
-472.8
-471.3
-473.8
-473.8
-473.6
-474.5
-476.5
-479.1
-478.2
-477.3
-480.4
-477.5
-477.9
-480.8
-480.5
-482
-480.9
-480.7
-479.6
-476.5
-478
-479.3
-482
-486.2
-479.6
-477.5
-482.4
-483
-481.5
-477.1
-474.4
-475.6
-479.6
-479.8
-478.5
-479.7
-478
-476.7
-478.2
-479.2
-478.6
-480.3
-479.8
-480.7
-482.5
-481.9
-481
-479
-480.5
-483.4
-479.7
-478.5
-481.9
-481.5
-483.1
-479.5
-472.1
-468.8
-470.7
-467.7
-468.5
-474.2
-475.6
-479.4
-478.1
-476
-473.5
-474.7
-478.1
-481.3
-480.6
-476.6
-476.8
-477.9
-473.5
-468.4
-468.4
-468.4
-468.4
-468.4
-468.7
-469
-470.1
-470.5
-467.2
-465.5
-462.2
-466.4
-465.8
-463.5
-466.8
-471.5
-468
-467
-468.9
-469.6
-469.7
-472.5
-474
-476.2
-473.2
-474.7
-470.7
-466.6
-469.5
-470.9
-472.8
-473.6
-477.6
-481.9
-476.8
-471.6
-474.7
-477.8
-476.2
-473.8
-474.5
-478.2
-473
-470.6
-468.9
-463.6
-471.4
-476.8
-470.5
-470.4
-469.4
-469
-467.8
-469.7
-467.9
-466.1
-467.3
-467.9
-466.2
-463.4
-462.6
-461.8
-461.6
-468
-465.5
-464.5
-466.9
-461.7
-459.8
-464.3
-466
-466.5
-466.9
-465.1
-463.6
-466.1
-468.6
-468.4
-468.1
-471
-473.6
-475.9
-478.5
-475.2
-470.5
-470.2
-470.5
-474.4
-474.8
-475.4
-479.4
-472
-458.5
-469.9
-476.4
-472.4
-473.6
-472
-470.3
-470.9
-473.1
-471.1
-464.4
-464.4
-465.6
-464.2
-461.6
-468.2
-468.6
-467
-465.2
-467.3
-468.1
-465.3
-457.5
-464.8
-473.9
-472.3
-474
-468.1
-462.3
-461.1
-462
-464.1
-464.1
-462.6
-463.6
-465.2
-466.8
-459.8
-455.3
-458.8
-462.3
-458.9
-455.5
-458.3
-458.3
-458.4
-458
-457.9
-458.5
-456.4
-456.9
-453.6
-450.7
-457.4
-464.6
-463
-461.3
-462.6
-463.9
-461
-458
-453.9
-449.8
-453.1
-450.7
-456
-458.7
-458.8
-458.8
-457.3
-456.8
-454.7
-461.4
-457.3
-454.4
-454.2
-456.2
-460.9
-462.8
-460.5
-458.3
-458.3
-458.3
-458.8
-457.3
-449.8
-444.4
-450.5
-452.7
-455.1
-455.4
-454.2
-451.9
-450.2
-449.2
-451.8
-453
-453.6
-450.3
-450
-448.9
-448.1
-450.3
-452
-455.2
-454.5
-455.1
-455
-454.2
-454.2
-454.2
-455.7
-456.5
-455.8
-456.6
-457.4
-460
-463.2
-457.9
-460.1
-458.8
-458.7
-459
-460.4
-460.9
-460.3
-457.1
-454.7
-458.9
-463
-460.1
-456.8
-461.3
-459.7
-458.8
-459.3
-460.7
-460.7
-462.9
-465
-465
-465
-465
-465
-464.8
-464.6
-464.9
-464.1
-463.7
-459.1
-459.2
-459.3
-462.6
-464.2
-466.8
-469.4
-466.2
-463
-465.5
-467.5
-467.5
-467.5
-465.4
-463.2
-468.8
-475.3
-470.9
-467.3
-468.8
-469.7
-470
-466.5
-466.1
-460.4
-465.5
-464.3
-465.7
-465.6
-466.8
-467
-470.1
-470.7
-464.2
-457
-457.5
-460.2
-460.7
-459.1
-463.7
-465.2
-463.6
-465.1
-466.7
-464.4
-463.4
-460.1
-460.9
-465.8
-464.8
-468.9
-463.7
-456.1
-461.9
-463
-460.6
-461.1
-464
-467.2
-464.5
-463.2
-464.5
-463
-465.9
-470.1
-464.5
-462
-457.1
-456
-457.1
-455.9
-459.7
-466.3
-466.3
-465.5
-461.2
-458.4
-457.5
-461.4
-462.6
-463.2
-460.8
-459.7
-459.3
-460.3
-462.9
-465.2
-466
-458.4
-456.9
-459.9
-460.6
-460.6
-460.6
-459.7
-458.8
-458.8
-458.8
-460.6
-462.4
-460.3
-457.6
-457.6
-459.4
-459.8
-462
-462.7
-462.3
-462.7
-459.9
-461.8
-463.7
-463.7
-463.7
-463.1
-468.1
-466
-462.7
-464
-469.4
-466.5
-465.9
-461.3
-456.7
-461.2
-462
-465.5
-468.9
-465.8
-462.8
-463.6
-465.6
-460.1
-457.5
-457.5
-457.5
-461.2
-465
-462.8
-463.8
-460.4
-459.2
-461.4
-463.9
-462.5
-461.1
-460.8
-460.5
-460.4
-460
-459.8
-460.8
-459.6
-457.2
-457.2
-457.2
-456.9
-458.1
-459.2
-460.7
-457.7
-454.8
-454.8
-456.5
-458.2
-458.2
-457.8
-457.3
-456.6
-457.9
-457.2
-456.5
-455.8
-455.1
-455.1
-453.9
-452.6
-452
-451.4
-453.7
-452.8
-449.5
-450.1
-450.8
-450
-449.2
-448.4
-447.6
-450.3
-452.9
-451.5
-450.2
-449.2
-448.3
-450.5
-452.7
-454.1
-455.5
-452.5
-449.5
-453.1
-456.8
-454
-451.1
-454.6
-458.1
-457.4
-456.7
-459.6
-462.5
-462.1
-461.8
-461.8
-462.3
-462
-461.1
-460.7
-460.2
-459.9
-459.5
-460.5
-461.6
-461.4
-461.1
-461.1
-461.1
-460.6
-460.1
-460.1
-462.2
-464.2
-463
-461.9
-460.7
-459.6
-460.2
-460.7
-462
-463.2
-460.9
-458.5
-458.5
-458.5
-457.9
-457.2
-454.2
-451.2
-455.2
-459.1
-460.5
-461.9
-460.6
-459.3
-461
-462.7
-464.1
-465.5
-463.5
-461.5
-461.5
-461.5
-464.4
-467.3
-470.7
-474.1
-474.1
-474.1
-474.1
-475.3
-476.4
-476.7
-477
-477
-476.3
-475.6
-475.6
-475.2
-474.8
-474
-473.1
-473.1
-473.1
-473.1
-473.1
-474.7
-476.4
-476.4
-474.2
-472.1
-472.1
-472.1
-472.8
-473.4
-470.9
-468.4
-468.8
-469.1
-469.1
-469.1
-469.1
-469.1
-469.1
-469.1
-469.1
-471.7
-474.2
-473.2
-472.2
-471
-469.8
-469.8
-469.8
-469.8
-469.8
-469.8
-469.8
-471.9
-474
-474
-472.7
-471.4
-471.4
-471.4
-471.4
-471.4
-471.4
-470.7
-470
-469.8
-471
-472.2
-471.4
-470.6
-468.2
-465.7
-465.7
-465
-464.9
-465.2
-465.5
-467.5
-469.6
-466.5
-463.3
-463.3
-462.6
-461.9
-462.1
-462.3
-461.8
-461.4
-463.5
-465.7
-464.7
-463.6
-462
-460.4
-458.5
-456.7
-459.4
-462
-456.5
-450.9
-450.9
-450.9
-450.9
-450.9
-450.9
-451.5
-452
-454.8
-457.6
-456.2
-454.7
-454
-453.4
-453.5
-453.2
-452.8
-452.5
-452.3
-452.3
-452.3
-451.5
-450.8
-449
-447.3
-446.1
-445
-445
-446.2
-447.4
-446
-444.6
-446.5
-448.5
-445.5
-442.4
-444.1
-445.8
-446.6
-447.7
-447.9
-447.3
-446.6
-444.5
-442.3
-442.3
-442.3
-443.9
-445.5
-445.5
-443.5
-441.6
-440.2
-438.7
-443.1
-447.5
-445.7
-443.9
-443.9
-442
-440
-442.7
-445.4
-445.4
-445
-444.7
-443.5
-443.6
-445
-443.1
-441.2
-443.6
-446
-446
-444.2
-442.4
-443.7
-445
-443.8
-442.5
-442.5
-442.5
-441.1
-439.8
-438.2
-436.6
-437.3
-438
-438.9
-440.4
-441
-441
-442
-443.1
-443.1
-440.4
-437.6
-439.5
-441.5
-441.5
-441.4
-441.3
-441.3
-439.6
-437.9
-437.9
-436.1
-434.3
-434.3
-437.2
-440.1
-438
-436
-435.5
-435
-436.1
-437.3
-437.3
-436.5
-435.8
-437.1
-438.5
-440.6
-442.8
-440.1
-438.9
-440.3
-440.9
-441.5
-439.9
-438.2
-435.3
-432.4
-434.8
-437.3
-437
-436.6
-437.2
-437.8
-436.1
-434.5
-434.5
-435.1
-435.8
-436.5
-432.5
-431.5
-435.4
-435.4
-435.4
-436
-436.6
-436
-435.5
-435.3
-435.1
-435.3
-435.4
-435.4
-435.1
-437.4
-439.9
-438.8
-437.6
-436.2
-434.9
-433.3
-431.7
-433.5
-435.4
-434.1
-432.9
-432.6
-432.4
-434.5
-436.5
-436.4
-435.9
-435.4
-435.8
-436.3
-436.8
-437.4
-438.1
-435.9
-432.9
-433.1
-433.3
-433.5
-433.7
-431.5
-429.3
-427.3
-423.8
-422.3
-426.3
-430.2
-428.2
-426.1
-426.1
-426.1
-426.1
-425.5
-424.9
-424.2
-423.5
-423.4
-423.2
-423.7
-424.1
-423.3
-422.5
-423.3
-424.1
-422.7
-421.7
-422.1
-424
-424.5
-423.2
-421.7
-420.2
-420.2
-420.2
-421.2
-419.4
-416.6
-416.9
-417.2
-417.2
-419.1
-421
-422.4
-423.7
-421.8
-419.9
-421.2
-422.5
-423.9
-425.3
-425.3
-425.3
-422.5
-419.8
-418
-416.3
-419.6
-428.7
-434.5
-429.1
-423.8
-421.5
-419.1
-420.2
-421.4
-422.1
-423.7
-424.6
-422.5
-420.3
-420.3
-423.5
-426.7
-425.4
-425.5
-426.9
-427
-427.2
-428
-428.9
-429.5
-431.1
-432.2
-432.9
-433.5
-433.6
-433.7
-435
-432.7
-429.2
-433.1
-437
-439.4
-441.8
-440.5
-439.2
-439
-438.8
-441.3
-443.8
-443.5
-445
-446.8
-446.8
-445.7
-444.6
-444.7
-445.2
-445.5
-445.5
-445.5
-446.6
-449
-450.2
-451.7
-453.1
-452.2
-451.3
-452.5
-453.7
-451.6
-449.5
-449.5
-453
-456.6
-456.9
-457
-459.5
-461.9
-462.6
-464.7
-465.8
-466.8
-464.8
-464.7
-468.6
-472.1
-471.7
-471.6
-473.4
-473.9
-475.2
-474.1
-471.3
-471.8
-473.1
-474.3
-474.2
-473.2
-475.4
-477.2
-475
-474.7
-475.6
-474.1
-475.4
-478
-476.1
-475.4
-477.3
-478
-478.3
-476.7
-475.1
-475.2
-475.7
-477.7
-481.5
-483.8
-485.9
-484.1
-482
-482.8
-482.5
-482.5
-482
-480.3
-480.3
-481.7
-480.9
-480.9
-482.7
-483.7
-482.5
-481.1
-482.4
-484.5
-483.5
-480.6
-481.2
-482.6
-482.2
-480.9
-479.3
-482.2
-483.2
-481
-480.6
-482
-483
-482.3
-481.9
-481.2
-482.1
-480.1
-479.6
-481.1
-480.4
-481.9
-483.4
-483.1
-482.5
-481.5
-479.6
-480.1
-481
-481.2
-481.2
-483.1
-484.5
-481.4
-479
-480.4
-480.1
-477.6
-478.1
-478.5
-479
-480.7
-481.4
-480.6
-478.9
-479.5
-480.3
-481.4
-483.3
-482.5
-481.6
-482.3
-481.5
-479.6
-479.6
-478.8
-477.9
-478.6
-479.6
-479.8
-479.7
-479
-479.4
-479.8
-479.8
-480.6
-480
-479.5
-481.2
-481.6
-482.5
-482.4
-477.7
-476.8
-477.9
-477.5
-478.7
-478.7
-478
-477.4
-476.9
-477.7
-476.8
-476.4
-477.6
-477.5
-477.3
-477.1
-475.7
-475.6
-476.9
-475.7
-473.2
-473.4
-476.2
-476.1
-472.1
-471.3
-472.8
-473.1
-473.1
-475
-476.2
-476
-476.1
-478.7
-479.1
-479.1
-477.9
-478.4
-480.7
-480.3
-479
-477.7
-476.8
-477.9
-477.7
-478.5
-477.9
-475.2
-477.5
-480.2
-480.4
-478.2
-477.5
-478.1
-477.6
-480.6
-478.9
-475.9
-478.8
-485.7
-484.5
-482.9
-484.7
-480
-480.1
-480.9
-482
-478.9
-481.8
-484.8
-481.2
-482.5
-486
-482.7
-480.5
-482.6
-482.4
-482.7
-482.9
-482.4
-482.9
-478.4
-477.5
-478.8
-477.4
-477.9
-479
-473.2
-473
-471.2
-474.2
-479.8
-477.2
-473.9
-471.2
-471.8
-466.8
-463.1
-465.3
-471
-463.7
-469.2
-469.8
-470.9
-467.3
-469.2
-472.3
-471.8
-472.5
-472.6
-476.3
-473
-474.4
-472.7
-476.9
-476.1
-477.2
-480
-476.6
-476.5
-474.4
-475.7
-475.3
-471.8
-471.8
-469.5
-464.9
-465.7
-471.8
-470.7
-469
-471.3
-475.7
-474.4
-474.5
-474.2
-473.1
-475.6
-476.6
-478.2
-478.8
-477.7
-481.8
-483
-483.7
-484.9
-480.9
-482
-482.9
-482
-482.1
-479.1
-480.1
-481.2
-483.6
-483.4
-480
-482.8
-482.5
-480.9
-482.2
-478
-479.5
-479
-482.8
-481.6
-480
-478.6
-479.8
-479.8
-480.3
-479.3
-477.3
-474.7
-471.8
-471.6
-473.3
-472.1
-473.5
-474.1
-471.3
-469.7
-469.7
-469.4
-466.5
-462.1
-466.6
-470.4
-472.8
-471.2
-473.6
-475.3
-471.7
-468.8
-467.7
-472.5
-474.9
-471.1
-473.5
-479.3
-473.5
-468.4
-469.1
-476
-472.8
-474
-477.5
-479.9
-480.5
-480.5
-476.8
-477
-477.5
-476.7
-478
-475.5
-473
-474.3
-473.4
-474.4
-469.4
-466
-467
-472.7
-472
-468.6
-467.6
-467.2
-468
-469.1
-467
-467.6
-468.3
-468.4
-472.5
-475
-468
-467.7
-473.5
-474.8
-474.9
-476.9
-475.5
-476.5
-477
-476.8
-474.7
-476.5
-474
-473.9
-472.8
-473.1
-476
-476.2
-473.2
-474
-475.1
-477.5
-480.8
-480.6
-481.4
-481.8
-476.7
-472.3
-471.6
-473.7
-472.7
-468.2
-463.5
-464.7
-470.1
-469.8
-469.9
-469.5
-470.5
-466.1
-465.7
-465.7
-463.8
-466.3
-471.8
-473.5
-466.8
-469.2
-472.7
-472.3
-473.8
-475.9
-479.4
-480.2
-477.3
-478.2
-480.7
-476
-478.5
-478.9
-483.8
-481
-478.2
-481.4
-481.6
-480.9
-479.2
-481.1
-476.7
-475.1
-484.9
-481.8
-479.1
-481.2
-482
-479.1
-480.3
-485
-483.6
-478.5
-480.1
-480.6
-480.4
-481.6
-478.8
-481.3
-480.4
-476.9
-476.4
-479.3
-481.7
-479.5
-477.4
-475
-475.2
-480.3
-480.2
-479
-480.8
-478.4
-478.2
-476.1
-473.4
-472.5
-476.2
-475.9
-473.6
-470
-471.6
-473
-470.1
-467.8
-463.2
-463
-462.6
-461.4
-456
-456.5
-462.3
-465.7
-466.8
-467.8
-468.1
-467
-467.7
-464.8
-464
-465.2
-468.2
-470.3
-471.3
-471.1
-467.4
-470.4
-472.7
-473.1
-476.2
-473
-469.6
-470.9
-470.9
-469.4
-466.8
-464.5
-462.9
-465.5
-464.5
-461.2
-466.3
-467.2
-465.3
-464.8
-465.5
-468.9
-471.3
-471.8
-470.8
-470.5
-469.7
-470.5
-470.5
-468.9
-468.5
-463.2
-460.5
-465.5
-467.4
-466.2
-465.1
-465.6
-465.4
-462.2
-463.3
-460.8
-459.5
-459.2
-459.3
-458.5
-455.6
-456.2
-454.9
-454.2
-456.7
-459.5
-458.2
-456.9
-458.3
-455.5
-453.2
-454.1
-452.4
-453
-454.7
-449.6
-448.3
-450.7
-451
-453
-453.1
-452.7
-451.5
-447.3
-444.8
-447.6
-448.5
-447.7
-449.3
-448.2
-449.7
-447.7
-444.7
-449.9
-451
-450.5
-450.6
-449.4
-449
-450.2
-449.5
-447
-446.5
-449.1
-450.4
-449.6
-451.4
-452.5
-453.1
-453.5
-451.1
-451.9
-454.3
-453.8
-452.4
-450.1
-451.4
-453.7
-456
-456.8
-456.7
-456.4
-458.3
-460.1
-460.7
-461.3
-464.3
-464.9
-462.6
-460.9
-462.3
-462.5
-460.2
-460.8
-460.3
-460.4
-461.5
-460.8
-461.4
-461.7
-459.3
-458.8
-460.8
-456.9
-457.6
-456.8
-456.3
-456.4
-456.1
-457
-453.2
-452.1
-453.9
-456.2
-457.3
-455.8
-456.4
-453.4
-450
-450.8
-451
-452.5
-451.8
-449
-447.9
-448.3
-450.9
-451.1
-450.5
-450.3
-448.8
-450.8
-452
-447.2
-447.4
-446.1
-448.3
-447.7
-447.5
-445.2
-445.1
-447.8
-445.3
-444.4
-447.2
-446
-445.5
-446.4
-447.8
-444.1
-443.5
-444.9
-444.4
-443.8
-443.8
-445
-444.8
-443.5
-443
-443.6
-445.2
-443.5
-442.5
-441.1
-440.4
-442.2
-445.3
-443.5
-445.5
-448.4
-449
-447.3
-447.4
-447.1
-442.8
-440.7
-440.2
-441.7
-440.7
-439.4
-440.3
-440.9
-441.3
-441.1
-447.1
-446.2
-445
-445.7
-446.3
-447
-449.5
-453.1
-452.9
-451.3
-451
-451.4
-452.5
-453.5
-450.4
-453.8
-459.5
-459.1
-458.5
-459.7
-463
-462
-459
-459.8
-463
-462.1
-462.4
-467.4
-469.8
-468.7
-468.9
-469.8
-474.9
-476.2
-471.3
-473
-474.5
-473.7
-476.2
-478.2
-478
-477.7
-476.6
-478.3
-475.6
-472.4
-467.8
-469.8
-469.7
-467.8
-462.5
-468.4
-472.2
-467
-466.2
-469.8
-470.8
-472.1
-475.2
-479.2
-478.8
-476.3
-475.9
-474.1
-472.3
-469.4
-470.6
-474.4
-477.6
-477.7
-476.9
-475.9
-475.2
-474.2
-472.1
-471
-469.3
-471.3
-470
-470.2
-471.1
-466.8
-465.6
-465.2
-464.7
-464.5
-462.2
-461.3
-460.4
-460.9
-460.2
-458.8
-458.2
-456.1
-457.5
-457.9
-455.2
-452.9
-451.2
-449.6
-452.3
-451.6
-448.9
-448.9
-449.1
-451.5
-452.2
-450.2
-447.1
-447
-448.9
-448.2
-448
-446.6
-443.9
-443.6
-441.8
-442.1
-441.9
-440.6
-438.5
-434.2
-433.8
-431.8
-432.5
-428.4
-424.1
-424
-422.4
-421.1
-421.7
-422.8
-423.6
-424.1
-424.7
-426.1
-427.1
-427.8
-429.5
-430.2
-430.7
-434.4
-436.5
-440.9
-443.6
-446.2
-445.5
-448.2
-451.1
-453
-453.6
-455.3
-457.1
-460.9
-463.3
-466.6
-469
-468.3
-466.8
-466.4
-466
-465.4
-461.6
-461
-462.5
-464.2
-467
-469.7
-472.4
-473.1
-473.6
-473.9
-473.3
-471.8
-471
-471.8
-474.7
-474
-472.8
-472.6
-472.3
-474.1
-473.2
-471.3
-472.4
-474.5
-474.5
-474.3
-475.9
-476.2
-475.2
-472.3
-470.8
-470.6
-468.4
-470.1
-470.9
-468.8
-463.6
-463.5
-466.1
-469.8
-470.7
-470.8
-469.3
-472.6
-474.8
-470.8
-467.9
-471.2
-474.7
-473.5
-473.2
-471.7
-472.4
-470.6
-465.5
-462.7
-464.3
-466.4
-468.7
-470.1
-470.3
-469.8
-471.8
-473.3
-473.2
-474.4
-476.1
-477.1
-477.8
-478.7
-476.6
-477.6
-479.7
-479.5
-480.2
-480
-479.6
-481.5
-481.6
-481.3
-482.9
-482.4
-482.4
-481
-480.8
-482.4
-481.7
-481.2
-482.5
-480.8
-480.5
-481.9
-483.3
-479.7
-477.3
-479.4
-479.4
-481.1
-483.8
-479.1
-475.5
-478.1
-479
-477.8
-478.5
-478.5
-476.3
-473.8
-472.2
-468.4
-472.4
-473.4
-473.8
-472.7
-472.4
-471.7
-468.6
-469
-467.8
-465.7
-464.9
-467.1
-467.7
-467.3
-462.3
-461.2
-463.2
-461.8
-460.6
-460.3
-460.3
-460.4
-461.8
-459.2
-457.7
-457.6
-458.6
-458.7
-459.8
-457.5
-457.4
-456.4
-455.5
-456.2
-457.1
-455.5
-452.7
-453.5
-455.5
-457.2
-459.3
-459.6
-462.3
-462.4
-462.2
-462.1
-462.1
-463.4
-465.9
-468.2
-472.2
-472.2
-469.1
-466.6
-468.6
-471.2
-473.4
-472.6
-469.9
-468.1
-464.9
-463
-465.2
-467.1
-467
-469.4
-474.7
-477.3
-477.5
-478.4
-475.6
-473
-472
-471.2
-470.2
-470.6
-469.5
-467.5
-465.5
-464.4
-468
-468.8
-472.1
-473.1
-470.5
-468.2
-467.6
-470.3
-470.4
-466.8
-465.4
-462.5
-464.3
-465.2
-462.6
-459.7
-456.1
-455.8
-457.1
-463.7
-466.5
-467.3
-468.9
-471.7
-468.7
-467.4
-466.2
-465.2
-465.1
-462.9
-462.7
-465.8
-465.1
-464.5
-465.1
-463.9
-463.2
-462.7
-461
-458.7
-460.1
-458
-456.6
-455
-454.4
-455.5
-454.7
-453.7
-454.9
-453.4
-455.8
-451
-452.4
-457.7
-455
-449.5
-448
-446.2
-449.8
-453
-453.9
-456.5
-459
-460.5
-461.6
-464.6
-466.5
-468.2
-468.9
-466.5
-466.2
-464
-463.2
-463.9
-462.2
-460.3
-459.5
-459
-458.8
-458
-456.2
-455.8
-454.3
-452.6
-451.2
-450.4
-450.1
-449.5
-450.9
-450.4
-450.1
-447.9
-447.2
-446.2
-444.7
-445
-445
-444.8
-443.6
-443
-443
-441.1
-440.3
-440.3
-440.7
-438.8
-438.9
-439.9
-439.2
-440.4
-440.6
-439
-438.4
-438.1
-437
-438.1
-437.9
-436.9
-436.3
-436.7
-438.2
-438.4
-437.7
-434.7
-430
-429.1
-426.5
-423.2
-420.2
-418.8
-418.7
-416.2
-415.9
-416.2
-415.8
-414.9
-415.2
-415.5
-414.8
-415.6
-417.2
-419
-420.3
-421
-426.3
-430
-431.7
-435.9
-440.5
-444.4
-444.5
-445.4
-445.9
-448.3
-450.6
-452.3
-455.6
-457.8
-459.9
-461.4
-465
-465.8
-467.8
-471.5
-475.8
-479.4
-480.7
-480.3
-480.4
-480.1
-478.4
-476.6
-477.5
-476.7
-477.4
-475.8
-476.6
-477.2
-474.6
-475.5
-477.3
-473.9
-470.4
-470
-470.3
-471.8
-472
-472.6
-473
-470.5
-471.3
-471.7
-472.3
-472.8
-472.7
-473.3
-474.1
-473.9
-475.8
-477.6
-477.8
-477.9
-477.5
-478
-478.9
-478.6
-478.7
-477.3
-477.1
-475.5
-474.5
-476.4
-475.1
-472.6
-471.6
-473.2
-471.9
-468.3
-468.9
-469.9
-471.1
-468.4
-469.1
-470.9
-468
-468.7
-470.9
-468.9
-466
-464.3
-462.5
-462.6
-463.3
-460.2
-457.6
-460.7
-464.9
-466.1
-468.1
-473.8
-473.3
-470.8
-469.4
-468
-466.1
-465.8
-464.8
-461.7
-458.9
-454.2
-452.6
-457.1
-460.6
-462.7
-464.3
-463.1
-461
-459.4
-457.4
-452.6
-451.4
-450.1
-454.5
-459.6
-462.2
-467.1
-468.8
-467.6
-467.2
-464.8
-465.1
-467.3
-466.7
-466.8
-468.3
-465.7
-466.6
-467.2
-465
-460.3
-455.6
-451.9
-450.5
-448.6
-448.3
-447.2
-445.9
-445.9
-446
-445.8
-443.5
-443.2
-444.4
-444.4
-443.3
-440.9
-439.8
-439.5
-438.6
-437.1
-436.5
-435.6
-434.4
-433.7
-433.3
-432.3
-431.4
-429.3
-426.4
-431.6
-431.2
-431.9
-432.4
-432.8
-434.5
-434.2
-432.8
-432.2
-432.3
-431.1
-430.8
-430.3
-430.4
-431.1
-433
-435.5
-435.2
-436.4
-437.3
-437.6
-436.6
