# depth_(m) age 39.8 origin
0.000000000005740403 -0.051738416055328959 39.8 0.999999999999999001
4.911970246602827217 0.012792955540344736 39.8 0.999142013096211756
9.819282389599360172 0.092227707552487173 39.8 0.998099381244738071
14.721936428995624269 0.181438331631467831 39.8 0.997015030742257946
19.619932364791623058 0.276928643446734124 39.8 0.995856666344525077
24.513270196987065219 0.384599465254128969 39.8 0.994599385917069423
29.401949925582240297 0.496964018221884019 39.8 0.993273691142574022
34.285971550577151845 0.611977373643013300 39.8 0.991887163767035562
39.165335071971504988 0.729912852704017734 39.8 0.990447998903277393
44.040040489765587495 0.851269724794726401 39.8 0.988954308079119326
48.910087803959122255 0.975936936919813425 39.8 0.987409519515929923
53.775477014552386379 1.104726529317189954 39.8 0.985821790672062548
58.636208121545386973 1.232904250596787765 39.8 0.984183193896616682
63.492281124937825609 1.363658007655168314 39.8 0.982503079339422825
68.343696024730007821 1.498976605015575059 39.8 0.980779949949840857
73.190452820921905186 1.640773798880756473 39.8 0.979024224042418401
78.032551513513269015 1.788364325695972923 39.8 0.977223490917705107
82.869992102504355103 1.936740577319507439 39.8 0.975394736581918220
87.702774587894879232 2.087345618048375595 39.8 0.973538076792923923
92.530898969685139832 2.241836207734687392 39.8 0.971641161607857295
97.354365247875136902 2.400589962040217351 39.8 0.969709944236945898
102.173173422464586224 2.564744093546952985 39.8 0.967764663704479666
106.987323493453757806 2.720367258778436437 39.8 0.965791896851080578
111.796815460842381640 2.871391804902958977 39.8 0.963801988124397435
116.601649324630727733 3.029821455849757594 39.8 0.961795978103082150
121.401825084818824507 3.190422422971468830 39.8 0.959775082523274703
126.197342741406345112 3.362199383306785805 39.8 0.957715575119397200
130.988202294393602187 3.532134483727747742 39.8 0.955643794352315279
135.774403743780595732 3.694841650067638650 39.8 0.953558018740660596
140.555947089567041530 3.856141201357262016 39.8 0.951465243479539979
145.332832331753223798 4.025824995330185452 39.8 0.949364378714807500
150.105059470338858318 4.192255381937926018 39.8 0.947259062734561619
154.872628505324200887 4.358678096694220017 39.8 0.945146785323772165
159.635539436709279926 4.526718504153692813 39.8 0.943035459627235229
164.393792264493811217 4.698791448304990404 39.8 0.940919396631262339
169.147386988678078978 4.873583323334123918 39.8 0.938801845368232635
173.896323609262083210 5.043752869178668163 39.8 0.936685934934488706
178.640602126245511272 5.215846059666869650 39.8 0.934566716314400470
183.380222539628704226 5.387508448719939835 39.8 0.932448771165748536
188.115184849411321011 5.571329228120766253 39.8 0.930332765211168700
192.845489055593674266 5.745236746721661625 39.8 0.928216237567727087
197.571135158175735569 5.912392511170406095 39.8 0.926098293202922695
202.292123157157277547 6.089332393025718382 39.8 0.923984975681313658
207.008453052538527572 6.264441086650769819 39.8 0.921870241440012395
211.720124844319258273 6.445553322134074392 39.8 0.919757609202911941
216.427138532499697021 6.623953017124439846 39.8 0.917647078971137287
221.129494117079872240 6.805018514006467178 39.8 0.915538650745953420
225.827191598059471289 6.979631994426980235 39.8 0.913430496444658457
230.520230975438835230 7.161630352317858161 39.8 0.911323587716418304
235.208612249217907220 7.351184580637844412 39.8 0.909219895234282038
239.892335419396459884 7.536047796081760453 39.8 0.907116932732668024
244.571400485974720596 7.710292360087430907 39.8 0.905014501960697659
249.245807448952433560 7.887194855967977425 39.8 0.902914173206747384
253.915556308329854573 8.068446833090819226 39.8 0.900811433868928257
258.580647064107040478 8.262786325733468829 39.8 0.898706283950370444
263.241079716283650214 8.453217384227727393 39.8 0.896603236058973629
267.896854264859996420 8.636859729297782451 39.8 0.894502290198335603
272.547970709836079095 8.816554380725436957 39.8 0.892403446372392772
277.194429051211614023 8.996456145525254300 39.8 0.890306704585445696
281.836229288986885422 9.172437349846878973 39.8 0.888212064842181737
286.473371423161609073 9.348459275612235331 39.8 0.886119527147701591
291.105855453736012350 9.517285140613399363 39.8 0.884029091507545384
295.733681380710208941 9.687279542052463555 39.8 0.881940757927722196
300.356849204083800942 9.849496787973480494 39.8 0.879854526414737492
304.975358923857186255 10.018624091183390590 39.8 0.877770396975624090
309.589210540030251195 10.185544046600405466 39.8 0.875688369617972029
314.198404052602768388 10.350024758764149624 39.8 0.873608444349963764
318.802939461575022051 10.521760099158610657 39.8 0.871530621180404919
323.402816766946727967 10.683723164426476515 39.8 0.869454900118761032
327.998035968718170352 10.855870057268724338 39.8 0.867381281175192642
332.588597066889349207 11.029448168645091144 39.8 0.865309764360593259
337.174500061459980316 11.202988318387477662 39.8 0.863240349686627551
341.755744952430347894 11.378500622862762981 39.8 0.861173037165770761
346.332331739800110881 11.550180785450168131 39.8 0.859107826811351116
350.904260423569667182 11.721646671113630234 39.8 0.857044718637590242
355.471531003738903109 11.900425992489475746 39.8 0.854983712659648232
360.034143480307648133 12.089781033389504827 39.8 0.852924808893668396
364.592097853276072783 12.298611319708809830 39.8 0.850868007356822997
369.145394122644233903 12.523937563913012383 39.8 0.848813308067361327
373.694032288411847276 12.766682151193622374 39.8 0.846760711044658332
378.238012350579197118 13.032434074410829794 39.8 0.844710216309264683
382.777334309145999214 13.295403171204851489 39.8 0.842661823882959515
387.311998164112537779 13.555272874507412695 39.8 0.840615533788801494
391.842003915478812814 13.817333666772681156 39.8 0.838571346051184330
396.367351563244483259 14.083768177405472599 39.8 0.836529260695892951
400.888041107409947017 14.335836219858929752 39.8 0.834489277750159242
405.404072547975090401 14.579147781549506746 39.8 0.832451397242721214
409.915445884939742882 14.806128148509007048 39.8 0.830415619203883404
414.422161118304074989 15.067512882007326525 39.8 0.828381943665576714
418.924218248067859349 15.333457858058940460 39.8 0.826350370661422029
423.421617274231380179 15.600773926249271284 39.8 0.824320900226793829
427.914358196794637479 15.894210327520294612 39.8 0.822293532398886140
432.402441015757347031 16.189782749636581372 39.8 0.820268267216778479
436.885865731119793054 16.498615438915763320 39.8 0.818245104721504912
441.364632342881691329 16.819461177976709365 39.8 0.816224044956122996
445.838740851043326074 17.161598186039732639 39.8 0.814205087965785390
450.308191255604640446 17.530911680332007307 39.8 0.812188233797811576
454.772983556565463914 17.911990063616013202 39.8 0.810173482501762687
459.233117753925967008 18.311018823102539699 39.8 0.808160834129515671
463.688593847686263416 18.706152892662185394 39.8 0.806150288735341114
468.139411837845955233 19.096876926036163269 39.8 0.804141846375979741
472.585571724405383520 19.484781506249166938 39.8 0.802135507110723345
477.027073507364264060 19.860309716710148109 39.8 0.800131271001494837
481.463917186722881070 20.244549429786179218 39.8 0.798129138112930736
485.896102762481234549 20.612316683649023474 39.8 0.796129108512464101
490.323630234639040282 20.980217883736152373 39.8 0.794131182270411462
494.746499603196582484 21.349860853219968959 39.8 0.792135359460056199
499.164710868153804313 21.719043481975493393 39.8 0.790141640157739134
503.578264029510535238 22.103194680807263239 39.8 0.788150024442946129
507.987159087266945789 22.504175439180254870 39.8 0.786160512398398348
512.391396041422808594 22.897622348366208911 39.8 0.784173104110145514
516.790974891978407868 23.300349604907196976 39.8 0.782187799667656947
521.185895638933857299 23.706780699042411698 39.8 0.780204599163918489
525.576158282288588453 24.132256411243393046 39.8 0.778223502695526648
529.961762822043169763 24.586845492854703110 39.8 0.776244510362785967
534.342709258197373856 25.055214078885573059 39.8 0.774267622269807720
538.718997590751087046 25.538912888576035698 39.8 0.772292838524609948
543.090627819704536705 26.035964458144398748 39.8 0.770320159239218372
547.457599945057381774 26.517669253652716321 39.8 0.768349584529767871
551.819913966810077000 27.003134028155930224 39.8 0.766381114516607620
556.177569884962395008 27.489551150657202783 39.8 0.764414749324404563
560.530567699514222113 27.939156576838108492 39.8 0.762450489082250216
564.878907410465672001 28.376752274530364417 39.8 0.760488333923767690
569.222589017816630985 28.827598969825935171 39.8 0.758528283987220386
573.561612521567326439 29.246186305545087691 39.8 0.756570339415621795
577.895977921717758363 29.657378467048740589 39.8 0.754614500356846074
582.225685218267699383 30.055168866585162846 39.8 0.752660766963740735
586.550734411217263187 30.478425473662792200 39.8 0.750709139394239555
590.871125500566677147 30.916374154757313875 39.8 0.748759617811476708
595.186858486315486516 31.350271906844419334 39.8 0.746812202383903223
599.497933368464032355 31.799399108961200255 39.8 0.744866893285402565
603.804350147011973604 32.250573431134142766 39.8 0.742923690695409200
608.106108821959651323 32.670338361435959484 39.8 0.740982594799027061
612.403209393307065511 33.110525352655812981 39.8 0.739043605787149671
616.695651861053988796 33.575742381141616022 39.8 0.737106723856580937
620.983436225200534864 33.995901984477470137 39.8 0.735171949210157383
625.266562485746931088 34.452527273195975965 39.8 0.733239282056870501
629.545030642692722722 34.930296414396288185 39.8 0.731308722611992201
633.818840696038250826 35.364027031838318749 39.8 0.729380271097197719
638.087992645783174339 35.779867692955107827 39.8 0.727453927740693951
642.352486491927948009 36.195907882485052198 39.8 0.725529692777343915
646.612322234472344462 36.625012581750794993 39.8 0.723607566448796535
650.867499873416250011 37.050946652765006206 39.8 0.721687549003614537
655.118019408759892031 37.460303325302312771 39.8 0.719769640697403013
659.363880840502929459 37.830423486101885544 39.8 0.717853841792942537
663.605084168645703357 38.171091750962013123 39.8 0.715940152560317289
667.841629393188213726 38.497845125713133996 39.8 0.714028573277049161
672.073516514130233190 38.835507817581003565 39.8 0.712119104228230326
676.300745531471875438 39.167512292859136380 39.8 0.710211745706656794
680.523316445213367842 39.507704577783336219 39.8 0.708306498012961749
684.741229255354255656 39.888153030689842637 39.8 0.706403361455752887
688.954483961894879940 40.263551285807054114 39.8 0.704502336351746306
693.163080564834899633 40.642968449611075243 39.8 0.702603423025903950
697.367019064174655796 41.058721139564511304 39.8 0.700706621811570507
701.566299459914262115 41.454735446535380561 39.8 0.698811933050611178
705.760921752053150158 41.891662698330200953 39.8 0.696919357093550906
709.950885940591888357 42.351312411909837863 39.8 0.695028894299711597
714.136192025530363026 42.781059138738271486 39.8 0.693140545037354117
718.316840006868233104 43.183898131901571560 39.8 0.691254309683816737
722.492829884605839652 43.592822136932397825 39.8 0.689370188625655689
726.664161658742841610 44.016082108973705544 39.8 0.687488182258787606
730.830835329279693724 44.449687343090992897 39.8 0.685608290988629965
734.992850896216168621 44.873094915115792958 39.8 0.683730515230243530
739.150208359552152615 45.276961833433169602 39.8 0.681854855408475347
743.302907719287873078 45.661070729149294323 39.8 0.679981311958100632
747.450948975423330012 46.015128298017735631 39.8 0.678109885323966544
751.594332127958182355 46.378896514784045735 39.8 0.676240575961136181
755.733057176892771167 46.719747840290743568 39.8 0.674373384335031134
759.867124122226869076 47.102558727586384180 39.8 0.672508310921577590
763.996532963960703455 47.501592634942490179 39.8 0.670645356207348553
768.121283702094160617 47.935137204586126813 39.8 0.668784520689710615
772.241376336627126875 48.446920427504259976 39.8 0.666925804876967510
776.356810867559829603 48.943356030441705684 39.8 0.665069209288505769
780.467587294892041427 49.429413103352651149 39.8 0.663214734454939503
784.573705618623876035 49.915857830880071333 39.8 0.661362380918255943
788.675165838755447112 50.379085799797856282 39.8 0.659512149231961331
792.771967955286527285 50.828756367934929017 39.8 0.657664039961225910
796.864111968217343929 51.276489638653565351 39.8 0.655818053683029811
800.951597877547897042 51.731802907554097715 39.8 0.653974190986307935
805.034425683277845565 52.169231801303105556 39.8 0.652132452472097057
809.112595385407530557 52.584408004302034101 39.8 0.650292838753679603
813.186106983936724646 52.985029010847355835 39.8 0.648455350456730861
817.254960478865541518 53.380384936184547939 39.8 0.646619988219462871
821.319155870194208546 53.765282990484941195 39.8 0.644786752692770304
825.378693157922270984 54.125781000439566526 39.8 0.642955644540376681
829.433572342050069892 54.519340175976445551 39.8 0.641126664438977256
833.483793422577491583 54.915206995185855021 39.8 0.639299813078385348
837.529356399504536057 55.327751310913306781 39.8 0.637475091161676555
841.570261272831203314 55.755356723771505756 39.8 0.635652499405332416
845.606508042557379667 56.172023508173310802 39.8 0.633832038539385967
849.638096708683292491 56.617853219079812277 39.8 0.632013709307562843
853.665027271208828097 57.076151379518151430 39.8 0.630197512467427612
857.687299730133872799 57.511034950903400897 39.8 0.628383448790524657
861.704914085458653972 57.920777533879224563 39.8 0.626571519062521065
865.717870337182944240 58.304908353218415584 39.8 0.624761724083350067
869.726168485306857292 58.707555070148615073 39.8 0.622954064667350593
873.729808529830620500 59.108125567090965546 39.8 0.621148541643410601
877.728790470753779118 59.477551087331825386 39.8 0.619345155855106522
881.723114308076674206 59.843162318325084925 39.8 0.617543908160843924
885.712780041799192077 60.223995201474913586 39.8 0.615744799433996959
889.697787671921332731 60.607301359265356666 39.8 0.613947830563047137
893.678137198443096167 60.995917566237807250 39.8 0.612153002451722106
897.653828621364368701 61.402957761158809546 39.8 0.610360316019133542
901.624861940685264017 61.802100340708172155 39.8 0.608569772199913150
905.591237156406009490 62.207993813386885051 39.8 0.606781371944350334
909.552954268526150372 62.623990723239714384 39.8 0.604995116218527307
913.510013277046027724 63.055927556187015171 39.8 0.603211006004453321
917.462414181965641546 63.512883986452898455 39.8 0.601429042300199668
921.410156983284650778 63.992997847306185122 39.8 0.599649226120033019
925.353241681003510166 64.502298084836439784 39.8 0.597871558494545541
929.291668275121764964 64.959121514238518103 39.8 0.596096040470790456
933.225436765639642545 65.441490330510120543 39.8 0.594322673112408717
937.154547152557370282 65.958431131982891316 39.8 0.592551457499760792
941.078999435874493429 66.478920200190316336 39.8 0.590782394730055338
944.998793615591353046 67.020247856986557622 39.8 0.589015485917476433
948.913929691707721759 67.567906478370446166 39.8 0.587250732193310143
952.824407664223826941 68.084113777290070857 39.8 0.585488134706070529
956.730227533139554907 68.605592090499129654 39.8 0.583727694621624549
960.631389298454791970 69.107547906087702927 39.8 0.581969413123315071
964.527892960169765502 69.610846379116210869 39.8 0.580213291412083776
968.419738518284475504 70.078010217777546131 39.8 0.578459330706591723
972.306925972798580915 70.585915261073367333 39.8 0.576707532243340149
976.189455323712536483 71.045357801079859428 39.8 0.574957897276789587
980.067326571025773774 71.480627064564984607 39.8 0.573210427079476004
983.940539714738861221 71.879091554076353532 39.8 0.571465122942129145
987.809094754851685138 72.262197010959397403 39.8 0.569721986173785999
991.672991691363904465 72.669779168898372745 39.8 0.567981018101906487
995.532230524275860262 73.082577058606204901 39.8 0.566242220072484148
999.386811253587552528 73.514691812772511526 39.8 0.564505593450158050
1003.236733879298753891 73.978683567311662728 39.8 0.562771139618322813
1007.081998401409578037 74.411840619892402060 39.8 0.561038859979236637
1010.922604819919911279 74.831683048208176956 39.8 0.559308755954127990
1014.758553134829980991 75.231111507987961318 39.8 0.557580828983302190
1018.589843346139787172 75.605176233987435808 39.8 0.555855080526243550
1022.416475453848988764 75.960194140853488420 39.8 0.554131512061719622
1026.238449457958040512 76.352769017572327925 39.8 0.552410125087881121
1030.055765358466715043 76.769893457123131952 39.8 0.550690921122361843
1033.868423155374784983 77.226620029654625910 39.8 0.548973901702376366
1037.676422848682705080 77.670819127303943219 39.8 0.547259068384814640
1041.479764438390020587 78.104578430298374769 39.8 0.545546422746341020
1045.278447924496958876 78.515292466960417528 39.8 0.543835966383481861
1049.072473307003747323 78.918645822816031909 39.8 0.542127700912720001
1052.861840585910158552 79.318739815207763399 39.8 0.540421627970583018
1056.646549761215965191 79.696641351417810029 39.8 0.538717749213732389
1060.426600832921394613 80.048943735405927669 39.8 0.537016066319047747
1064.201993801026674191 80.403957756993094108 39.8 0.535316580983712820
1067.972728665531576553 80.741686179528144862 39.8 0.533619294925297361
1071.738805426435874324 81.081423672439598249 39.8 0.531924209881837640
1075.500224083739794878 81.415591697241154634 39.8 0.530231327611915493
1079.256984637443565589 81.750458604105219251 39.8 0.528540649894734926
1083.009087087546959083 82.098991912682038219 39.8 0.526852178530199167
1086.756531434049747986 82.439241510070502272 39.8 0.525165915338981049
1090.499317676952159673 82.762351718569533432 39.8 0.523481862162596401
1094.237445816254421516 83.096319182607132348 39.8 0.521800020863473102
1097.970915851956306142 83.412610999395795375 39.8 0.520120393325017583
1101.699727784057586177 83.731475126990702051 39.8 0.518442981451681772
1105.423881612558716370 84.041301263606015937 39.8 0.516767787169025161
1109.143377337459469345 84.359059484232531645 39.8 0.515094812423776860
1112.858214958759617730 84.685975104235211575 39.8 0.513424059183895665
1116.568394476459616271 85.018971304761379315 39.8 0.511755529438625900
1120.273915890559010222 85.364694799809740289 39.8 0.510089225198553375
1123.974779201058254330 85.713194795413187421 39.8 0.508425148495659451
1127.670984407957121221 86.067812755248368717 39.8 0.506763301383370557
1131.362531511255383521 86.434662924385420979 39.8 0.505103685936608038
1135.049420510953495977 86.809314495954851054 39.8 0.503446304251834675
1138.731651407051003844 87.187096995719556958 39.8 0.501791158447099206
1142.409224199548134493 87.582225431716096864 39.8 0.500138250662078288
1146.082138888445115299 88.002548768550624914 39.8 0.498487583058117967
1149.750395473741491514 88.414757235479783049 39.8 0.496839157818270427
1153.413993955437717887 88.825086010024563166 39.8 0.495192977147329461
1157.072934333533567042 89.241419247059397435 39.8 0.493549043271865495
1160.727216608028811606 89.634595641713531222 39.8 0.491907358440255404
1164.376840778923906328 90.026228301864591685 39.8 0.490267924922711429
1168.021806846218396458 90.415952944646733158 39.8 0.488630745011308876
1171.662114809912736746 90.797297138295533614 39.8 0.486995821020008768
1175.297764670006699816 91.201998355402650986 39.8 0.485363155284681380
1178.928756426500058296 91.598171175524797150 39.8 0.483732750163124947
1182.555090079393266933 92.003262173007144042 39.8 0.482104608035082538
1186.176765628686098353 92.397490913720133676 39.8 0.480478731302257545
1189.793783074378325182 92.774709490218072006 39.8 0.478855122388326337
1193.406142416470402168 93.137799662436620451 39.8 0.477233783738947426
1197.013843654961874563 93.504157956958678710 39.8 0.475614717821769561
1200.616886789853197115 93.860986200795053946 39.8 0.473997927126436680
1204.215271821144142450 94.223137964668211453 39.8 0.472383414164591231
1207.808998748834483195 94.586376328447570927 39.8 0.470771181469873845
1211.398067572924674096 94.969950766168750533 39.8 0.469161231597920891
1214.982478293414487780 95.317174378022329506 39.8 0.467553567126360370
1218.562230910303924247 95.709346579998396010 39.8 0.465948190654804750
1222.137325423592983498 96.106166858623552685 39.8 0.464345104804840592
1225.707761833281438157 96.499875596654774768 39.8 0.462744312220017218
1229.273540139369742974 96.907306116001024066 39.8 0.461145815565830675
1232.834660341857670574 97.311222060720922400 39.8 0.459549617529707966
1236.391122440744993582 97.703331414795755450 39.8 0.457955720820986678
1239.942926436032166748 98.092337730073040802 39.8 0.456364128170891170
1243.490072327718735323 98.476504693752417552 39.8 0.454774842332509810
1247.032560115805154055 98.846672825278261598 39.8 0.453187866080766055
1250.570389800291195570 99.221604688869916799 39.8 0.451603202212388977
1254.103561381176632494 99.596172315354834836 39.8 0.450020853545879562
1257.632074858461919575 99.946942860776218254 39.8 0.448440822921476356
1261.155930232146829439 100.290326398336702596 39.8 0.446863113201117157
1264.675127502231134713 100.625621170608383181 39.8 0.445287727268398104
1268.189666668715290143 100.962545969464656537 39.8 0.443714668028530990
1271.699547731599068356 101.284877224516904448 39.8 0.442143938408296799
1275.204770690882241979 101.619246125670386505 39.8 0.440575541355998301
1278.705335546565265759 101.960645957092708613 39.8 0.439009479841407202
1282.201242298647912321 102.318551501204183296 39.8 0.437445756855711743
1285.692490947129954293 102.690684534007857565 39.8 0.435884375411459912
1289.179081492012073795 103.108249690564591106 39.8 0.434325338542499662
1292.661013933293361333 103.520387346256271144 39.8 0.432768649303918229
1296.138288270974499028 103.926018869161424618 39.8 0.431214310771976583
1299.610904505055486879 104.312677270293733045 39.8 0.429662326044042975
1303.078862635535870140 104.706537515929909432 39.8 0.428112698238522493
1306.542162662415421437 105.100539690374972679 39.8 0.426565430494785014
1310.000804585695050264 105.479793668545809737 39.8 0.425020525973089425
1313.454788405374301874 105.840782395508142599 39.8 0.423477987854506466
1316.904114121453176267 106.227307920415185549 39.8 0.421937819340837295
1320.348781733931673443 106.635949914587200738 39.8 0.420400023654530441
1323.788791242809566029 107.069786966054479649 39.8 0.418864604038595933
1327.224142648087081398 107.545029991659518487 39.8 0.417331563756516477
1330.654835949764674297 108.026887247979402673 39.8 0.415800906092155143
1334.080871147841435231 108.497848452608820935 39.8 0.414272634349662938
1337.502248242317818949 108.956681845935079878 39.8 0.412746751853379834
1340.918967233194052824 109.411414877098394527 39.8 0.411223261947737173
1344.331028120470136855 109.871914724333791469 39.8 0.409702167997152977
1347.738430904145161549 110.342883429801943862 39.8 0.408183473385929974
1351.141175584220491146 110.825986597087421615 39.8 0.406667181518144072
1354.539262160695216153 111.318553836293716586 39.8 0.405153295817538062
1357.932690633569563943 111.790161044794061240 39.8 0.403641819727404427
1361.321461002843307142 112.266647442861227546 39.8 0.402132756710472494
1364.705573268516900498 112.728932202679246188 39.8 0.400626110248787526
1368.085027430590116637 113.162567104514678817 39.8 0.399121883843591485
1371.459823489062955559 113.576024355903484775 39.8 0.397620081015197357
1374.829961443935417265 113.984267780112773494 39.8 0.396120705302863196
1378.195441295207274379 114.366691628421037308 39.8 0.394623760264662338
1381.556263042878754277 114.743975502525884735 39.8 0.393129249477351173
1384.912426686950539079 115.117922269275354097 39.8 0.391637176536234977
1388.263932227421264542 115.487253305189085495 39.8 0.390147545055029965
1391.610779664291840163 115.838464834749771626 39.8 0.388660358665722183
1394.952968997562038567 116.178558036516719199 39.8 0.387175621018426397
1398.290500227231632380 116.507243365193744467 39.8 0.385693335781238378
1401.623373353301076349 116.825120701059120165 39.8 0.384213506640088964
1404.951588375769915729 117.139786902582727635 39.8 0.382736137298590740
1408.275145294638377891 117.443467737551941354 39.8 0.381261231477886098
1411.594044109906690210 117.752226430788780931 39.8 0.379788792916490037
1414.908284821574852685 118.063692953721115941 39.8 0.378318825370132061
1418.217867429642410571 118.360567618977242432 39.8 0.376851332611593759
1421.522791934109591239 118.663995217507348912 39.8 0.375386318430544874
1424.823058334976167316 118.962557003982652759 39.8 0.373923786633376665
1428.118666632242593550 119.253042417744012482 39.8 0.372463741043031649
1431.409616825908869941 119.547784557831022312 39.8 0.371006185498833019
1434.695908915974086995 119.834257149641899787 39.8 0.369551123856308117
1437.977542902439608952 120.125604672849945587 39.8 0.368098559987011686
1441.254518785304526318 120.406038999137109613 39.8 0.366648497778347127
1444.526836564568839094 120.689043722052346652 39.8 0.365200941133382251
1447.794496240233229400 120.964438569344991947 39.8 0.363755893970664379
1451.057497812296787743 121.243885528149846209 39.8 0.362313360224034930
1454.315841280760196241 121.535155332799803318 39.8 0.360873343842435523
1457.569526645623000149 121.813979706199503994 39.8 0.359435848789718293
1460.818553906885654214 122.092924337978246285 39.8 0.358000879044448217
1464.062923064547931062 122.365680142082339898 39.8 0.356568438599707493
1467.302634118610058067 122.644746140975456683 39.8 0.355138531462893314
1470.537687069071580481 122.924166054995453123 39.8 0.353711161655515860
1473.768081915932725678 123.199310671247530991 39.8 0.352286333212992853
1476.993818659193493659 123.467713013589133197 39.8 0.350864050184440890
1480.214897298853884422 123.732690869030406589 39.8 0.349444316632466334
1483.431317834913670595 123.991858300279503169 39.8 0.348027136632951484
1486.643080267373306924 124.277892084266667894 39.8 0.346612514274839578
1489.850184596232338663 124.557779906361730582 39.8 0.345200453659917250
1493.052630821491447932 124.845960637380073877 39.8 0.343790958902593924
1496.250418943149952611 125.127734065978472699 39.8 0.342384034129680159
1499.443548961207852699 125.424084443080019469 39.8 0.340979683480161722
1502.632020875665830317 125.712190276940262379 39.8 0.339577911104971930
1505.815834686522975971 126.007090788945305349 39.8 0.338178721166764118
1508.994990393779971782 126.296788401797570600 39.8 0.336782117839676431
1512.169487997436590376 126.558350277964393626 39.8 0.335388105309099738
1515.339327497492604380 126.820572128421162006 39.8 0.333996687771439926
1518.504508893948695913 127.088682228010540598 39.8 0.332607869433878989
1521.665032186804182857 127.350439146617290476 39.8 0.331221654514133712
1524.820897376059292583 127.596133102358820111 39.8 0.329838047240211929
1527.972104461714025092 127.840294506157903243 39.8 0.328457051850166326
1531.118653443768380384 128.079238734893124274 39.8 0.327078672591846809
1534.260544322222358460 128.309497806227938099 39.8 0.325702913722649534
1537.397777097075959318 128.547646151262796366 39.8 0.324329779509264726
1540.530351768328955586 128.792396618977505796 39.8 0.322959274227421489
1543.658268335982029384 129.031468246478056017 39.8 0.321591402161630791
1546.781526800034498592 129.279971008047340320 39.8 0.320226167604926615
1549.900127160486363209 129.528100806653611698 39.8 0.318863574858604448
1553.014069417338305357 129.781675103102941193 39.8 0.317503628231956547
1556.123353570589415540 130.040834197628981883 39.8 0.316146332042009315
1559.227979620240375880 130.306479002461401251 39.8 0.314791690613251796
1562.327947566290959003 130.589915195531631298 39.8 0.313439708277369111
1565.423257408741164909 130.892939347790445481 39.8 0.312090389372968791
1568.513909147590993598 131.202948987182253404 39.8 0.310743738245307488
1571.599902782840445070 131.532173933586534531 39.8 0.309399759246014816
1574.681238314489519325 131.895519179455675385 39.8 0.308058456732815733
1577.757915742538216364 132.273881180082213405 39.8 0.306719835069250046
1580.829935066986536185 132.674765785901456638 39.8 0.305383898624391248
1583.897296287834706163 133.105893588673211525 39.8 0.304050651772562019
1586.959999405082044177 133.545573755931428650 39.8 0.302720098893049516
1590.018044418729232348 134.013063143723798021 39.8 0.301392244369816098
1593.071431328776043301 134.511130742258529835 39.8 0.300067092591210949
1596.120160135222477038 135.064094779968769444 39.8 0.298744647949678366
1599.164230838068533558 135.665558247392482372 39.8 0.297424914841464993
1602.203643437314440234 136.327454032043959842 39.8 0.296107897666323172
1605.238397932959514947 137.012348889750199987 39.8 0.294793600827216562
1608.268494325004439816 137.721229814460855323 39.8 0.293482028730018329
1611.293932613448987468 138.478812101713771199 39.8 0.292173185783213829
1614.314712798293157903 139.302717205369702924 39.8 0.290867076397596513
1617.330834879536951121 140.137025866871852031 39.8 0.289563704985964676
1620.342298857180594496 140.985963299532500059 39.8 0.288263075962815252
1623.349104731223405906 141.845871018546688447 39.8 0.286965193744038227
1626.351252501666067474 142.694210138975705604 39.8 0.285670062746605780
1629.348742168508579198 143.528479277168543149 39.8 0.284377687388262579
1632.341573731750486331 144.356506707478814633 39.8 0.283088072087214648
1635.329747191392016248 145.159032255113544352 39.8 0.281801221261813561
1638.313262547432941574 145.946003871695239695 39.8 0.280517139330243026
1641.292119799873717056 146.745784051715247642 39.8 0.279235830710201360
1644.266318948714342696 147.482639502199134540 39.8 0.277957299818583303
1647.235859993954363745 148.258312696731337610 39.8 0.276681551071160547
1650.200742935593780203 149.005865109775839983 39.8 0.275408588882259941
1653.160967773633274192 149.761346362575238800 39.8 0.274138417664440692
1656.116534508072163590 150.507056316839396004 39.8 0.272871041828171568
1659.067443138910675771 151.200057828884524724 39.8 0.271606465781503770
1662.013693666148810735 151.923882843630764228 39.8 0.270344693929745694
1664.955286089786795856 152.655534336939524565 39.8 0.269085730675133306
1667.892220409823949012 153.395975435397645015 39.8 0.267829580416501900
1670.824496626260952326 154.127107268574803811 39.8 0.266576247548954426
1673.752114739097578422 154.912302911266493766 39.8 0.265325736463529638
1676.675074748334054675 155.735668179437936942 39.8 0.264078051546869419
1679.593376653969698964 156.583017007313060276 39.8 0.262833197180884270
1682.507020456005420783 157.453411948792137309 39.8 0.261591177742416470
1685.416006154440310638 158.324700845133605753 39.8 0.260351997602904894
1688.320333749275278024 159.170695984250613719 39.8 0.259115661128045627
1691.220003240509640818 159.921879210099149304 39.8 0.257882172677453891
1694.115014628143853770 160.615976525606185987 39.8 0.256651536604323882
1697.005367912177234757 161.337131796085373026 39.8 0.255423757255086925
1699.891063092610693275 162.113023965472820009 39.8 0.254198838969069640
1702.772100169443547202 162.931196137342851671 39.8 0.252976786078150995
1705.648479142675796538 163.662405650848910454 39.8 0.251757602906417743
1708.520200012308123405 164.376630472001636463 39.8 0.250541293769818929
1711.387262778339845681 165.145284574672388089 39.8 0.249327862975821130
1714.249667440771418114 166.023068681712715033 39.8 0.248117314823060153
1717.107413999602385957 166.922090537208532623 39.8 0.246909653600993872
1719.960502454832976582 167.822273375483234759 39.8 0.245704883589553447
1722.808932806463189991 168.718251286362800556 39.8 0.244503009058793908
1725.652705054493026182 169.555906803015915330 39.8 0.243304034268543717
1728.491819198922257783 170.353876710168037789 39.8 0.242107963468053966
1731.326275239751566914 171.142195637061206526 39.8 0.240914800895646403
1734.156073176980271455 171.952747763590394925 39.8 0.239724550778361606
1736.981213010608598779 172.821317510180165300 39.8 0.238537217331605100
1739.801694740636776260 173.730322114764220487 39.8 0.237352804758793834
1742.617518367064121776 174.548564575621270478 39.8 0.236171317251002655
1745.428683889891544823 175.328825898138404682 39.8 0.234992758986607403
1748.235191309118363279 176.188865207009115466 39.8 0.233817134130931914
1751.037040624744577144 177.077089148840343569 39.8 0.232644446835889501
1753.834231836770868540 177.911547989097300615 39.8 0.231474701239628156
1756.626764945196782719 178.750037514840073527 39.8 0.230307901466173082
1759.414639950022319681 179.607014126239931784 39.8 0.229144051625068651
1762.197856851247252052 180.335891158716407290 39.8 0.227983155811021132
1764.976415648871579833 181.013846495305983808 39.8 0.226825218103540061
1767.750316342895757771 181.696535499482138221 39.8 0.225670242566579887
1770.519558933319785865 182.468455040417893542 39.8 0.224518233248180432
1773.284143420142981995 183.245486045162408573 39.8 0.223369194180108532
1776.044069803366028282 184.049475524632327961 39.8 0.222223129377497580
1778.799338082988924725 184.861518058158083022 39.8 0.221080042838488311
1781.549948259011443952 185.675642832192608012 39.8 0.219939938543868424
1784.295900331432903840 186.510798763844462655 39.8 0.218802820456712954
1787.037194300254668633 187.357338239694030335 39.8 0.217668692522022367
1789.773830165476056209 188.177234013018193082 39.8 0.216537558666364316
1792.505807927096839194 188.957867128560224046 39.8 0.215409422797511740
1795.233127585117244962 189.671723235382614803 39.8 0.214284288804081846
1797.955789139537273513 190.294039014881576577 39.8 0.213162160555176339
1800.673792590356924848 190.978521795194637889 39.8 0.212043041900020296
1803.387137937576426339 191.693380815207945034 39.8 0.210926936667600984
1806.095825181195323239 192.447681918791687394 39.8 0.209813848666308672
1808.799854321213842923 193.259046585001698304 39.8 0.208703781683573869
1811.499225357631985389 193.999520602546112968 39.8 0.207596739485509219
1814.193938290449978012 194.696071733908212309 39.8 0.206492725816547179
1816.883993119667366045 195.467096107627753554 39.8 0.205391744399080894
1819.569389845284376861 196.272762077517882062 39.8 0.204293798933104065
1822.250128467301010460 197.043062168680336299 39.8 0.203198893095851152
1824.926208985717494215 197.744106765753087984 39.8 0.202107030541437693
1827.597631400533146007 198.438236318553208548 39.8 0.201018214900501396
1830.264395711748875328 199.106556846238618164 39.8 0.199932449779842730
1832.926501919364000059 199.724857280459275444 39.8 0.198849738762067074
1835.583950023378747574 200.316830473555796743 39.8 0.197770085405225449
1838.236740023793117871 200.880791521387777721 39.8 0.196693493242458356
1840.884871920607565698 201.449996149131919765 39.8 0.195619965781636485
1843.528345713820954188 202.007866414337797778 39.8 0.194549506505005493
1846.167161403434192835 202.579089510346221914 39.8 0.193482118868828268
1848.801318989447054264 203.146037926553987063 39.8 0.192417806303029820
1851.430818471859765850 203.715086075528347465 39.8 0.191356572210841180
1854.055659850671872846 204.349252437394170556 39.8 0.190298419968446098
1856.675843125883602625 205.027377367997814872 39.8 0.189243352924624603
1859.291368297494955186 205.751494322258366765 39.8 0.188191374400401845
1861.902235365505930531 206.466718807866300267 39.8 0.187142487688693238
1864.508444329916756033 207.145917862596888881 39.8 0.186096696053953292
1867.109995190727204317 207.786279411162382758 39.8 0.185054002731824457
1869.706887947936820638 208.425722769503181553 39.8 0.184014410928785371
1872.299122601546514488 209.053834582324356006 39.8 0.182977923821801197
1874.886699151555603748 209.682786199645477154 39.8 0.181944544557975402
1877.469617597964543165 210.279619319041984227 39.8 0.180914276254200285
1880.047877940772877992 210.871200196481225930 39.8 0.179887121996810312
1882.621480179981062975 211.450545029998266955 39.8 0.178863084841235309
1885.190424315588643367 212.023591393304229769 39.8 0.177842167811654933
1887.754710347595846542 212.562768627016652090 39.8 0.176824373900653753
1890.314338276002672501 213.125431117714555285 39.8 0.175809706068877969
1892.869308100809348616 213.693699802538731092 39.8 0.174798167244692909
1895.419619822015420141 214.270293714934723539 39.8 0.173789760323840692
1897.965273439621341822 214.863391138311499162 39.8 0.172784488169100359
1900.506268953626658913 215.445511933138078575 39.8 0.171782353609948230
1903.042606364031598787 216.039389623380657213 39.8 0.170783359442219285
1905.574285670836388817 216.631308057345847828 39.8 0.169787508427770378
1908.101306874040346884 217.186607013802245092 39.8 0.168794803294144730
1910.623669973644609854 217.750147166389211861 39.8 0.167805246734235552
1913.141374969647813487 218.363539693687897625 39.8 0.166818841405954765
1915.654421862051094649 219.021738183981199199 39.8 0.165835589931898453
1918.162810650853771222 219.734858306538058059 39.8 0.164855494899017574
1920.666541336056070577 220.512577741653785779 39.8 0.163878558858287976
1923.165613917658220089 221.291701532350060688 39.8 0.162904784324381130
1925.660028395659537637 222.123344075871841596 39.8 0.161934173775339141
1928.149784770060932715 223.031755257247993995 39.8 0.160966729652246870
1930.634883040861723202 224.020319065599750274 39.8 0.160002454358909918
1933.115323208062363847 225.059709102869248909 39.8 0.159041350261530878
1935.591105271662627274 226.120962153440331122 39.8 0.158083419688388849
1938.062229231662286111 227.124570581497295052 39.8 0.157128664929519629
1940.528695088061567731 227.987162594138766281 39.8 0.156177088236397477
1942.990502840860699507 228.890042471195613416 39.8 0.155228691821618414
1945.447652490059454067 229.929227409002209015 39.8 0.154283477858586426
1947.900144035657604036 230.946676575383719410 39.8 0.153341448481199683
1950.347977477655604162 231.913406316792361395 39.8 0.152402605783538120
1952.791152816052999697 232.934692708804675476 39.8 0.151466951819554774
1955.229670050850018015 233.871411357609645165 39.8 0.150534488602766803
1957.663529182046886490 234.792549524150558682 39.8 0.149605218105949012
1960.092730209643150374 235.656855901017735277 39.8 0.148679142260830427
1962.517273133639264415 236.470068854805191449 39.8 0.147756262957789125
1964.937157954034773866 237.243396770238263116 39.8 0.146836582045553277
1967.352384670829906099 237.968650613640505753 39.8 0.145920101330900470
1969.762953284024888490 238.698926699782930427 39.8 0.145006822578361172
1972.168863793619266289 239.412553997696818442 39.8 0.144096747509922490
1974.570116199613266872 240.104070524303779166 39.8 0.143189877804735438
1976.966710502006890238 240.800674863259416725 39.8 0.142286215098822222
1979.358646700800363760 241.429773232998826415 39.8 0.141385760984787334
1981.745924795993232692 242.038681191514058355 39.8 0.140488517011530090
1984.128544787585951781 242.590350913377847064 39.8 0.139594484683957770
1986.506506675578066279 243.070789968425089000 39.8 0.138703665462703379
1988.879810459970030934 243.526232003532925319 39.8 0.137816060763843368
1991.248456140761390998 243.998587090814993417 39.8 0.136931671958617662
1993.612443717952601219 244.509163071681854262 39.8 0.136050500373153638
1995.971773191543434223 245.050824300187457538 39.8 0.135172547288189504
1998.326444561533662636 245.710944047239479460 39.8 0.134297813938802330
2000.676457827923741206 246.461057973948641120 39.8 0.133426301514136730
2003.021812990713215186 247.327466805043513887 39.8 0.132558011157135808
2005.362510049902311948 248.377213526238733721 39.8 0.131692943964275999
2007.698549005491258868 249.413538423661464094 39.8 0.130831100985301041
2010.029929857479601196 250.455126774094736675 39.8 0.129972483222962260
2012.356652605867793682 251.629422695837462243 39.8 0.129117091632757142
2014.678717250655381577 252.868147054982472355 39.8 0.128264927122673345
2016.996123791842592254 254.199374651114538892 39.8 0.127415990552933234
2019.308872229429653089 255.533124910155549969 39.8 0.126570282735741696
2021.616962563416336707 256.833131704875199830 39.8 0.125727804435035673
2023.920394793802188360 258.196657922779252203 39.8 0.124888556366237080
2026.219168920588117544 259.532472087549137996 39.8 0.124052539196007075
2028.513284943773669511 260.855571059586111460 39.8 0.123219753542003291
2030.802742863358616887 262.159550265392056190 39.8 0.122390199972640112
2033.087542679343187046 263.478800423994016455 39.8 0.121563879006850492
2035.367684391727834736 264.696789765174116837 39.8 0.120740791113850568
2037.643168000511650462 265.857073998939540616 39.8 0.119920936712907628
2039.913993505695088970 266.909208290433298316 39.8 0.119104316173109251
2042.180160907278150262 268.030500148543410432 39.8 0.118290929813136630
2044.441670205261061710 269.245175380466264414 39.8 0.117480777901038586
2046.698521399643595942 270.496998101649296586 39.8 0.116673860654011322
2048.950714490425525582 271.774965896668220466 39.8 0.115870178238176275
2051.198249477607078006 273.078803501267600495 39.8 0.115069730768365089
2053.441126361188707961 274.435305264545263526 39.8 0.114272518307904830
2055.679345141169505951 275.785087580255890316 39.8 0.113478540868406613
2057.912905817550381471 277.104234120985950085 39.8 0.112687798409556478
2060.141808390329970280 278.432301930341168372 39.8 0.111900290838910468
2062.366052859510091366 279.752080807583524802 39.8 0.111116018011689563
2064.585639225089380488 281.049594711531540270 39.8 0.110334979730581539
2066.800567487068747141 282.264465073846736232 39.8 0.109557175745541815
2069.010837645447281830 283.501022951582683618 39.8 0.108782605753599201
2071.216449700225439301 284.673105004749118052 39.8 0.108011269398664581
2073.417403651403219556 285.823243271149351585 39.8 0.107243166271340187
2075.613699498981077340 286.946052229428119063 39.8 0.106478295908735698
2077.805337242958103161 288.035697074238498772 39.8 0.105716657794283922
2079.992316883334751765 289.078472983270899022 39.8 0.104958251357560192
2082.174638420111023152 290.109376606560317668 39.8 0.104203075974105996
2084.352301853287372069 291.090663324632998865 39.8 0.103451130965253102
2086.525307182862889022 292.184268202669954917 39.8 0.102702415597954400
2088.693654408838028758 293.382223019140155884 39.8 0.101956929084613873
2090.857343531213246024 294.675120804422249421 39.8 0.101214670582920691
2093.016374549987631326 295.921849993134571832 39.8 0.100475639195689553
2095.170747465161639411 297.125334389792328693 39.8 0.099739833970698341
2097.320462276735270279 298.418655402694810164 39.8 0.099007253900534123
2099.465518984708978678 299.633208764812252412 39.8 0.098277897922437851
2101.605917589081855112 300.837719680152133606 39.8 0.097551764918157632
2103.741658089854354330 302.109067234478345654 39.8 0.096828853713797847
2105.872740487026476330 303.277957971555224503 39.8 0.096109163079678636
2107.999164780598675861 304.395982221454801220 39.8 0.095392691730193324
2110.120930970570043428 305.498812565327796165 39.8 0.094679438323671289
2112.238039056941488525 306.766951046276687975 39.8 0.093969401462244168
2114.350489039712101658 308.088438940927971998 39.8 0.093262579691714753
2116.458280918882337573 309.432348820281106327 39.8 0.092558971501428264
2118.561414694452651020 310.817309446542481055 39.8 0.091858575324147346
2120.659890366422132502 312.191441260447220429 39.8 0.091161389535933279
2122.753707934791236767 313.495390225887149427 39.8 0.090467412456023605
2124.842867399559963815 314.666073679806629571 39.8 0.089776642346720878
2126.927368760728768393 315.798049028574098429 39.8 0.089089077413277790
2129.007212018296741007 316.816046442513368220 39.8 0.088404715803792278
2131.082397172264336405 317.865502461864309680 39.8 0.087723555609098530
2133.152924222631554585 318.997967120956388953 39.8 0.087045594862668191
2135.218793169398850296 320.251910879973024748 39.8 0.086370831540509826
2137.280004012565314042 321.472973226788667489 39.8 0.085699263561075684
2139.336556752131855319 322.593187644405759329 39.8 0.085030888785167152
2141.388451388097564632 323.638888233898057933 39.8 0.084365705015849848
2143.435687920462896727 324.624625854615544540 39.8 0.083703709998364489
2145.478266349227851606 325.557112681592855097 39.8 0.083044901420049055
2147.516186674392884015 326.443577242227775059 39.8 0.082389276910256853
2149.549448895957084460 327.305969139510239074 39.8 0.081736834040284728
2151.578053013921362435 328.128292854043593252 39.8 0.081087570323298969
2153.601999028284808446 328.960738579273936466 39.8 0.080441483214269430
2155.621286939047877240 329.769746579906893658 39.8 0.079798570109902517
2157.635916746210568817 330.580747815708946291 39.8 0.079158828348582136
2159.645888449773337925 331.429782666457015239 39.8 0.078522255210309672
2161.651202049735275068 332.259238457666754130 39.8 0.077888847916652543
2163.651857546096834994 333.139437208170761551 39.8 0.077258603630690176
2165.647854938858472451 333.967249464223414179 39.8 0.076631519456968555
2167.639194228019732691 334.673349278364810289 39.8 0.076007592441455996
2169.625875413580160966 335.333282551974264152 39.8 0.075386819571502159
2171.607898495540212025 335.992947507504482019 39.8 0.074769197775802265
2173.585263473899885867 336.679464891349084610 39.8 0.074154723924361649
2175.557970348659637239 337.471855190598262197 39.8 0.073543394828468417
2177.526019119818556646 338.424554638641950532 39.8 0.072935207240664796
2179.489409787377553585 339.543098305623800570 39.8 0.072330157854726143
2181.448142351335718558 340.877104225110599600 39.8 0.071728243305640010
2183.402216811693506315 342.506842688345898296 39.8 0.071129460169591402
2185.351633168450916855 344.564701826587452160 39.8 0.070533804963950814
2187.296391421608404926 346.550902397394168020 39.8 0.069941274147263671
2189.236491571165061032 348.455171181975856598 39.8 0.069351864119248291
2191.171933617121794668 350.292869336842272787 39.8 0.068765571220791688
2193.102717559477696341 352.066619803587741444 39.8 0.068182391733952741
2195.028843398233220796 353.899218070767460631 39.8 0.067602321881967964
2196.950311133388368035 355.721326471429961202 39.8 0.067025357829259599
2198.867120764943592803 357.744097521654509819 39.8 0.066451495681450368
2200.779272292897985608 359.795643726010382579 39.8 0.065880731485377889
2202.686765717252455943 361.792975971667885915 39.8 0.065313061229115288
2204.589601038006094313 363.710227934275280859 39.8 0.064748480841996275
2206.487778255159810215 365.597846920090205458 39.8 0.064186986194639001
2208.381297368712694151 367.516750769294048951 39.8 0.063628573098980665
2210.270158378665655619 369.433366770490920317 39.8 0.063073237308308966
2212.154361285017785121 371.327737312125407243 39.8 0.062520974517301639
2214.033906087769537407 373.068293405008319041 39.8 0.061971780362067554
2215.908792786921367224 374.776768556662773335 39.8 0.061425650420191637
2217.779021382472365076 376.738744680412708021 39.8 0.060882580210785013
2219.644591874423440458 378.580408022523442924 39.8 0.060342565194535749
2221.505504262773683877 380.313533683185767131 39.8 0.059805600773766079
2223.361758547523550078 381.919674690670206019 39.8 0.059271682292492342
2225.213354728673039062 383.551361317513624272 39.8 0.058740805036486987
2227.060292806222605577 385.269268961407078677 39.8 0.058212964233346445
2228.902572780171340128 386.841102808945436209 39.8 0.057688155052562626
2230.740194650520152209 388.478108605582008295 39.8 0.057166372605594887
2232.573158417268132325 390.372994742228456744 39.8 0.056647611945950034
2234.401464080416189972 392.145273237284698098 39.8 0.056131868069262854
2236.225111639962960908 393.758805098555740187 39.8 0.055619135913381114
2238.044101095910264121 395.193348987179092546 39.8 0.055109410358453986
2239.858432448257190117 396.519412478699791791 39.8 0.054602686227025778
2241.668105697003284149 397.755916761319042507 39.8 0.054098958284130680
2243.473120842149000964 398.971112627522472849 39.8 0.053598221237392343
2245.273477883694795310 400.139565489227607031 39.8 0.053100469737127676
2247.069176821640212438 401.240784198280209694 39.8 0.052605698376453715
2248.860217655984797602 402.287183303829635861 39.8 0.052113901691397457
2250.646600386729005550 403.305814747136764709 39.8 0.051625074161010524
2252.428325013873291027 404.320096753205348250 39.8 0.051139210207486289
2254.205391537416744541 405.347507571934954740 39.8 0.050656304196281823
2255.977799957360275585 406.342240490091398897 39.8 0.050176350436242093
2257.745550273702974664 407.331359148059505060 39.8 0.049699343179729107
2259.508642486445296527 408.335711033279665116 39.8 0.049225276622753479
2261.267076595587241172 409.359826987406904664 39.8 0.048754144905110271
2263.020852601129263348 410.416366106180873885 39.8 0.048285942110518384
2264.769970503070453560 411.520836942218295462 39.8 0.047820662266763757
2266.514430301411721302 412.705914992054772483 39.8 0.047358299345844387
2268.254231996152611828 413.918012065670325228 39.8 0.046898847264122405
2269.989375587292670389 415.168000382176103358 39.8 0.046442299882476300
2271.719861074832806480 416.419850073907525712 39.8 0.045988651006458256
2273.445688458772110607 417.651845578819347793 39.8 0.045537894386455072
2275.166857739111037517 418.927956335613430383 39.8 0.045090023717852430
2276.883368915850041958 420.235304454458059809 39.8 0.044645032641202329
2278.595221988988214434 421.609534079192769696 39.8 0.044202914742395370
2280.302416958526464441 423.094181635078314230 39.8 0.043763663552834592
2282.004953824463882484 424.587926536674387989 39.8 0.043327272549614243
2283.702832586801378056 425.915213637811461922 39.8 0.042893735155702398
2285.396053245538041665 427.440587502382754792 39.8 0.042463044740125661
2287.084615800674782804 429.273967321205702774 39.8 0.042035194618157794
2288.768520252210691979 431.751323049605275628 39.8 0.041610178051513506
2290.447766600146223936 434.986142454243122302 39.8 0.041187988248543160
2292.122354844481833425 438.449555493033244602 39.8 0.040768618364432789
2293.792284985216610949 442.033313693040724957 39.8 0.040352061501407535
2295.457557022351466003 445.659845331035569416 39.8 0.039938310708935693
2297.118170955885489093 448.779494168822338906 39.8 0.039527358983942155
2298.774126785819134966 451.470495443578556660 39.8 0.039119199271019228
2300.425424512152858370 453.962708733535805550 39.8 0.038713824462643182
2302.072064134885749809 456.595025424098594158 39.8 0.038311227399396207
2303.714045654018718778 459.167084489981562001 39.8 0.037911400870188169
2305.351369069550855784 461.860551371885094341 39.8 0.037514337612484891
2306.984034381483070320 464.784207638738791957 39.8 0.037120030312538049
2308.612041589814452891 467.602955083389133506 39.8 0.036728471605618485
2310.235390694545912993 470.774148117837228256 39.8 0.036339654076254072
2311.854081695676541131 473.623611757909031894 39.8 0.035953570258469777
2313.468114593207246799 476.080237862518117709 39.8 0.035570212636031648
2315.077489387137120502 478.756344339470786053 39.8 0.035189573642694510
2316.682206077467071736 481.300768160135930884 39.8 0.034811645662451471
2318.282264664196645754 483.842191800089153730 39.8 0.034436421029788972
2319.877665147325387807 486.157601247330433125 39.8 0.034063892029942991
2321.468407526853752643 488.336628522858347878 39.8 0.033694050899159708
2323.054491802782195009 490.324404022131261627 39.8 0.033326889824959877
2324.635917975109805411 492.352102764344977004 39.8 0.032962400946405290
2326.212686043837493344 494.546999367803891801 39.8 0.032600576354368610
2327.784796008964349312 496.826525007274824475 39.8 0.032241408091808768
2329.352247870491282811 499.142776394820259611 39.8 0.031884888154044666
2330.915041628417384345 501.521821562944467132 39.8 0.031531008489038795
2332.473177282743108663 503.971174257438121913 39.8 0.031179760997676526
2334.026654833468910510 506.484649398011811172 39.8 0.030831137534055836
2335.575474280594335141 509.056751069677773103 39.8 0.030485129905774955
2337.119635624118927808 511.851359132238144412 39.8 0.030141729874225573
2338.659138864043143258 514.579359813685982772 39.8 0.029800929154888578
2340.193984000367436238 517.168135511451396269 39.8 0.029462719417633468
2341.724171033090897254 519.638331724712884352 39.8 0.029127092287019457
2343.249699962214435800 522.027440951941002822 39.8 0.028794039342601510
2344.770570787737142382 524.445585017034886732 39.8 0.028463552119239038
2346.286783509659926494 527.067903871582871034 39.8 0.028135622107405112
2347.798338127981878642 529.780837302077770801 39.8 0.027810240753503856
2349.305234642703908321 532.486431740985494798 39.8 0.027487399460185483
2350.807473053825560783 535.759688477258805506 39.8 0.027167089586667290
2352.305053361346381280 539.739029945089669127 39.8 0.026849302449058476
2353.797975565267279308 543.671394850020305967 39.8 0.026534029320684258
2355.286239665587345371 547.758542101507487132 39.8 0.026221261432417500
2356.769845662307488965 551.543546495518853590 39.8 0.025910989973009169
2358.248793555426800594 554.817360596463117872 39.8 0.025603206089425595
2359.723083344945735007 557.685862944442192202 39.8 0.025297900887184158
2361.192715030864746950 560.600109652488526990 39.8 0.024995065430697294
2362.657688613183381676 563.576909194140057480 39.8 0.024694690743613704
2364.118004091901184438 566.171162548016354776 39.8 0.024396767809167941
2365.573661467019064730 568.582840586121392334 39.8 0.024101287570527333
2367.024660738536113058 570.945098574458256735 39.8 0.023808240931146626
2368.471001906453238917 573.336845655152956169 39.8 0.023517618755122177
2369.912684970769532811 575.715153228052486156 39.8 0.023229411867550356
2371.349709931485904235 578.172707870967769850 39.8 0.022943611054888624
2372.782076788601443695 580.500933131495798989 39.8 0.022660207065319585
2374.209785542117060686 583.356121158907171775 39.8 0.022379190609115293
2375.632836192032300460 587.056803258358741004 39.8 0.022100552359009235
2377.051228738346708269 590.562966201371523312 39.8 0.021824282950566182
2378.464963181061193609 593.978461719656934292 39.8 0.021550372982556645
2379.874039520174846984 597.358343745530532942 39.8 0.021278813017335182
2381.278457755688123143 601.193630048603949945 39.8 0.021009593581218497
2382.678217887601476832 604.681455270960782400 39.8 0.020742705164869035
2384.073319915913998557 607.884351360216101057 39.8 0.020478138223679665
2385.463763840626597812 610.677052936198379030 39.8 0.020215883178160615
2386.849549661738819850 613.317785212070475609 39.8 0.019955930414329609
2388.230677379250209924 615.918266589661129728 39.8 0.019698270284105091
2389.607146993161677528 618.659165971558081765 39.8 0.019442893105700396
2390.978958503472313168 621.482644779592192208 39.8 0.019189789164021989
2392.346111910183026339 624.417917195968243504 39.8 0.018938948711068784
2393.708607213293362292 627.547953315177551303 39.8 0.018690361966335167
2395.066444412802866282 632.374857296117852457 39.8 0.018444019117215674
2396.419623508712447801 638.454265397497351842 39.8 0.018199910319411872
2397.768144501021197357 644.467299666340068143 39.8 0.017958025697342714
2399.112007389730024443 649.632657872612526262 39.8 0.017718355344555348
2400.451212174838019564 654.481691463730157921 39.8 0.017480889324140506
2401.785758856346092216 659.221483375126467763 39.8 0.017245617669148922
2403.115647434253332904 664.353808729038291858 39.8 0.017012530383009219
2404.440877908560651122 669.701265265609436028 39.8 0.016781617439950325
2405.761450279267137375 674.661613544647138951 39.8 0.016552868785424057
2407.077364546373701160 679.208753642938745543 39.8 0.016326274336530694
2408.388620709879887727 683.648968753589883818 39.8 0.016101823982447611
2409.695218769785242330 687.972792697730142208 39.8 0.015879507584857608
2410.997158726090674463 691.870997739217955314 39.8 0.015659314978382369
2412.294440578795274632 695.522165054743595647 39.8 0.015441235971015876
2413.587064327899952332 698.920485821095553547 39.8 0.015225260344560940
2414.875029973404252814 702.311160607218198493 39.8 0.015011377855067634
2416.158337515307721333 705.889122832461680446 39.8 0.014799578233273256
2417.436986953611267381 709.698315720752475499 39.8 0.014589851185044980
2418.710978288313981466 713.959440502319807820 39.8 0.014382186391824425
2419.980311519416773081 718.583539309172238063 39.8 0.014176573511073071
2421.244986646919187478 723.963040883800317715 39.8 0.013973002176722038
2422.505003670820769912 728.995565576337639868 39.8 0.013771461999620982
2423.760362591122429876 733.650519580392483476 39.8 0.013571942567990714
2425.011063407823257876 738.434034009069591775 39.8 0.013374433447877115
2426.257106120924163406 744.500538832485972307 39.8 0.013178924183606597
2427.498490730424236972 750.548892254314182537 39.8 0.012985404298244602
2428.735217236324388068 756.857683303863950641 39.8 0.012793863294053506
2429.967285638624161948 762.357006275351182012 39.8 0.012604290652955333
2431.194695937323103863 768.129372628636929221 39.8 0.012416675836993837
2432.417448132422123308 773.788381038079023710 39.8 0.012231008288798834
2433.635542223920310789 778.738698575998569140 39.8 0.012047277432053277
2434.848978211818575801 783.131360009929153421 39.8 0.011865472671960170
2436.057756096116463596 787.287424322812626087 39.8 0.011685583395713697
2437.261875876813519426 791.231393691600146667 39.8 0.011507598972968630
2438.461337553910652787 796.530026801590906871 39.8 0.011331508756313752
2439.656141127407408931 803.234775912930217601 39.8 0.011157302081747186
2440.846286597303333110 808.839442823745002897 39.8 0.010984968269150436
2442.031773963599334820 814.509967646513473483 39.8 0.010814496622766942
2443.212603226294959313 820.247461757329119791 39.8 0.010645876431680384
2444.388774385389751842 826.053060624030877079 39.8 0.010479096970295282
2445.560287440884167154 831.927924446165889094 39.8 0.010314147498818482
2446.727142392778659996 837.873238815165109372 39.8 0.010151017263741000
2447.889339241072775621 843.890215395413633814 39.8 0.009989695498325096
2449.046877985766514030 849.980092627098542835 39.8 0.009830171423087314
2450.199758626859420474 856.144136451500003204 39.8 0.009672434246287109
2451.347981164352404448 862.383641059670821960 39.8 0.009516473164414507
2452.491545598244556459 868.699929665322088113 39.8 0.009362277362679541
2453.630451928536785999 875.094355302853045941 39.8 0.009209836015503972
2454.764700155228183576 881.568301651450155987 39.8 0.009059138287011465
2455.894290278319658682 888.123183886273864118 39.8 0.008910173331522886
2457.019222297810756572 894.760449557727383763 39.8 0.008762930294048718
2458.139496213701477245 901.481579499953909362 39.8 0.008617398310785784
2459.255112025991365954 908.288088769603746186 39.8 0.008473566509612965
2460.366069734681332193 915.181527616135554126 39.8 0.008331424010588284
2461.472369339770466468 922.163482484774817749 39.8 0.008190959926448832
2462.574010841259678273 929.235577053528345459 39.8 0.008052163363108683
2463.670994239148058114 936.399473305509218335 39.8 0.007915023420160663
2464.763319533436515485 943.656872638018285215 39.8 0.007779529191377227
2465.850986724124595639 951.009517009819205668 39.8 0.007645669765212484
2466.933995811212298577 958.459190128150112287 39.8 0.007513434225305649
2468.012346794699624297 966.007718677075217784 39.8 0.007382811650985477
2469.086039674586118053 973.656973588862115321 39.8 0.007253791117774785
2470.155074450872234593 981.408871360107696091 39.8 0.007126361697896058
2471.219451123558428662 989.265375414479194660 39.8 0.007000512460777764
2472.279169692644245515 997.228497513941874786 39.8 0.006876232473561658
2473.334230158129685151 1005.300299220548481571 39.8 0.006753510801611212
2474.384632520014292822 1013.482893410867291095 39.8 0.006632336509019024
2475.430376778298978024 1021.778445845239275513 39.8 0.006512698659116870
2476.471462932983286009 1030.189176794189506836 39.8 0.006394586314984754
2477.507890984066762030 1038.717362724413078467 39.8 0.006277988539962739
2478.539660931550315581 1047.365338046897477398 39.8 0.006162894398159993
2479.566772775433037168 1056.135496929828832435 39.8 0.006049292954967214
2480.589226515715836285 1065.030295179072481915 39.8 0.005937173277568777
2481.607022152398258186 1074.052252189146884120 39.8 0.005826524435454977
2482.620159685480302869 1083.203952967854547751 39.8 0.005717335500934687
2483.628639114961515588 1092.488050237682728039 39.8 0.005609595549648752
2484.632460440842805838 1101.907266617497043626 39.8 0.005503293661083514
2485.631623663123718870 1111.464396887949988013 39.8 0.005398418919084977
2486.626128781803799939 1121.162310344490606440 39.8 0.005294960412373581
2487.615975796883958537 1131.003953241915041872 39.8 0.005192907235057748
2488.601164708363739919 1140.992351334433351440 39.8 0.005092248487149620
2489.581695516242689337 1151.130612515823258946 39.8 0.004992973275079901
2490.557568220521716285 1161.421929564188531003 39.8 0.004895070712212804
2491.528782821200366016 1171.869582996085227933 39.8 0.004798529919362263
2492.495339318278638530 1182.476944035153564982 39.8 0.004703340025307132
2493.457237711756079079 1193.247477700680519774 39.8 0.004609490167306288
2494.414478001633142412 1204.184746021626551737 39.8 0.004516969491616021
2495.367060187910283275 1215.292411382117279572 39.8 0.004425767154003779
2496.314984270587046922 1226.574240004664716253 39.8 0.004335872320266346
2497.258250249663433351 1238.034105577764648842 39.8 0.004247274166743364
2498.196858125138987816 1249.675993034798239023 39.8 0.004159961880835464
2499.130807897014619812 1261.504002491665460184 39.8 0.004073924661517694
2500.060099565289874590 1273.522353350835828678 39.8 0.003989151719857378
2500.984733129964297405 1285.735388580170820205 39.8 0.003905632279528018
2501.904708591038797749 1298.147579175040618793 39.8 0.003823355577325271
2502.820025948512920877 1310.763528813043194532 39.8 0.003742310863682236
2503.730685202386212040 1323.587978710974994101 39.8 0.003662487403184284
2504.636686352659580734 1336.625812694264595848 39.8 0.003583874475083487
2505.538029399332572211 1349.882062489826694218 39.8 0.003506461373813829
2506.434714342405186471 1363.361913253806051216 39.8 0.003430237409504294
2507.326741181876968767 1377.070709346259036465 39.8 0.003355191908493135
2508.214109917748828593 1391.013960365955654197 39.8 0.003281314213841618
2509.096820550020311202 1405.197347458629792527 39.8 0.003208593685846570
2509.974873078690961847 1419.626729913453118570 39.8 0.003137019702552868
2510.848267503761690023 1434.308152063003262811 39.8 0.003066581660265980
2511.717003825232040981 1449.247850502988285371 39.8 0.002997268974063452
2512.581082043102014723 1464.452261649196998405 39.8 0.002929071078305950
2513.440502157371156500 1479.928029650012604179 39.8 0.002861977427147458
2514.295264168040375807 1495.682014673978983410 39.8 0.002795977495045981
2515.145368075109217898 1511.721301593419639175 39.8 0.002731060777272643
2515.990813878577682772 1528.053209085994922134 39.8 0.002667216790420257
2516.831601578445770429 1544.685299177906472323 39.8 0.002604435072911498
2517.667731174713026121 1561.625387253852977665 39.8 0.002542705185505950
2518.499202667380359344 1578.881552560251293471 39.8 0.002482016711807852
2519.326016056446860603 1596.462149230269687905 39.8 0.002422359258770726
2520.148171341913439392 1614.375817861293398892 39.8 0.002363722457202941
2520.965668523779640964 1632.631497676576145750 39.8 0.002306095962272450
2521.778507602045010572 1651.238439306357577152 39.8 0.002249469454009223
2522.586688576710457710 1670.206218224858957910 39.8 0.002193832637808979
2523.390211447775527631 1689.544748882702151604 39.8 0.002139175244934205
2524.189076215240220336 1709.264299577129122554 39.8 0.002085487033014893
2524.983282879104535823 1729.375508104729306069 39.8 0.002032757786548739
2525.772831439368019346 1749.889398245477423188 39.8 0.001980977317399157
2526.557721896031580400 1770.817397129213986773 39.8 0.001930135465293636
2527.337954249094764236 1792.171353540426252948 39.8 0.001880222098320838
2528.113528498557116109 1813.963557220485199650 39.8 0.001831227113425093
2528.884444644419545511 1836.206759231210980943 39.8 0.001783140436901809
2529.650702686681597697 1858.914193448073092441 39.8 0.001735952024890880
2530.412302625343272666 1882.099599256499004696 39.8 0.001689651863868213
2531.169244460404570418 1905.777245530662867168 39.8 0.001644229971137140
2531.921528191865036206 1929.961955979009189832 39.8 0.001599676395319299
2532.669153819725579524 1954.669135948947086945 39.8 0.001555981216840779
2533.412121343985745625 1979.914800788081493010 39.8 0.001513134548422085
2534.150430764645534509 2005.715605869371529479 39.8 0.001471126535561806
2534.884082081704491429 2032.088878393671848244 39.8 0.001429947357022898
2535.613075295163525880 2059.052651093967142515 39.8 0.001389587225315320
2536.337410405022183113 2086.625697974466675078 39.8 0.001350036387177705
2537.057087411280463130 2114.827572228947701660 39.8 0.001311285124058398
2537.772106313938365929 2143.678646494572149095 39.8 0.001273323752593453
2538.482467112995436764 2173.200155609757530328 39.8 0.001236142625085784
2539.188169808452585130 2203.414242059962361964 39.8 0.001199732129979314
2539.889214400309356279 2234.344004308971761930 39.8 0.001164082692335033
2540.585600888565295463 2266.013548232021548756 39.8 0.001129184774302683
2541.277329273221766925 2298.448041884051235684 39.8 0.001095028875593151
2541.964399554276951676 2331.673773857981814217 39.8 0.001061605533947824
2542.646811731732213957 2365.718215509476522129 39.8 0.001028905325605900
2543.324565805587099021 2400.610087349821696989 39.8 0.000996918865771967
2543.997661775841606868 2436.379429934937434155 39.8 0.000965636809080128
2544.666099642495282751 2473.057679609711158264 39.8 0.000935049850057185
2545.329879405549036164 2510.677749498365301406 39.8 0.000905148723583354
2545.989001065002412361 2549.274116168961882067 39.8 0.000875924205352346
2546.643464620855411340 2588.882912439968549734 39.8 0.000847367112328884
2547.293270073108033102 2629.542026842185350688 39.8 0.000819468303203896
2547.938417421759822901 2671.291210297606994573 39.8 0.000792218678849432
2548.578906666811690229 2714.172190632617002848 39.8 0.000765609182769966
2549.214737808262725594 2758.228795603368325828 39.8 0.000739630801552982
2549.845910846114293236 2803.507085180116064294 39.8 0.000714274565316753
2550.472425780364574166 2850.055493910710538330 39.8 0.000689531548157096
2551.094282611014932627 2897.924984270297954936 39.8 0.000665392868591130
2551.711481338064913871 2947.169211996853846358 39.8 0.000641849689999724
2552.324021961514517898 2997.844704517332502292 39.8 0.000618893221067701
2552.931904481363744708 3050.011053689268919697 39.8 0.000596514716221991
2553.535128897612139554 3103.731124211401038337 39.8 0.000574705476067333
2554.133695210260611930 3159.071279210224474809 39.8 0.000553456847820766
2554.727603419308707089 3216.101624671020999813 39.8 0.000532760225742557
2555.316853524756425031 3274.896274576414725743 39.8 0.000512607051566694
2555.901445526603765757 3335.533638823163983034 39.8 0.000492988814927042
2556.481379424850274518 3398.096736230368151155 39.8 0.000473897053784228
2557.056655219496860809 3462.673535226475905802 39.8 0.000455323354846576
2557.627272910543069884 3529.357325105983363756 39.8 0.000437259353992303
2558.193232497988901741 3598.247121104656343960 39.8 0.000419696736687181
2558.754533981834356382 3669.448106935796658945 39.8 0.000402627238400427
2559.311177362078979058 3743.072118888273507764 39.8 0.000386042645018625
2559.863162638723679265 3819.238176110305175825 39.8 0.000369934793256865
2560.410489811768002255 3898.073062293104158016 39.8 0.000354295571068003
2560.953158881211948028 3979.711964661822548806 39.8 0.000339116918048665
2561.491169847055516584 4064.299176961163084343 39.8 0.000324390825843485
2562.024522709298707923 4151.988874033732827229 39.8 0.000310109338546749
2562.553217467941067298 4242.945966639947982912 39.8 0.000296264553101389
2563.077254122983504203 4337.347046376527032407 39.8 0.000282848619695325
2563.596632674425563891 4435.381431966174204717 39.8 0.000269853742156129
2564.111353122267246363 4537.252329827316316369 39.8 0.000257272178342066
2564.621415466508551617 4643.178123746058190591 39.8 0.000245096240530512
2565.126819707149479655 4753.393810715761901520 39.8 0.000233318295805252
2565.627565844189575728 4868.152602627320447937 39.8 0.000221930766439532
2566.123653877629749331 4987.727716594326921040 39.8 0.000210926130277150
2566.615083807469545718 5112.414380333045301086 39.8 0.000200296921110760
2567.101855633708964888 5242.532083340595818299 39.8 0.000190035729057403
2567.583969356347552093 5378.427109740807281923 39.8 0.000180135200931686
2568.061424975386216829 5520.475394773106927460 39.8 0.000170588040616038
2568.534222490824504348 5669.085754204374097753 39.8 0.000161387009427555
2569.002361902662414650 5824.703544718849116180 39.8 0.000152524926483266
2569.465843210899947735 5987.814823891194464522 39.8 0.000143994669061898
2569.924666415537103603 6158.951091128334155655 39.8 0.000135789172962031
2570.378831516573882254 6338.694706483050140378 39.8 0.000127901432859651
2570.828338514010283689 6527.685103152115516423 39.8 0.000120324502660391
2571.273187407846307906 6726.625932669023313792 39.8 0.000113051495850169
2571.713378198081500159 6936.293310331843713357 39.8 0.000106075585842941
2572.148910884716769942 7157.545363714069935668 39.8 0.000099390006325029
2572.579785467751662509 7391.333331002434533730 39.8 0.000092988051597021
2573.006001947186177858 7638.714510812700609677 39.8 0.000086863076911553
2573.427560323020315991 7900.867434133747337910 39.8 0.000081008498810570
2573.844460595253622159 8179.109716378320626973 39.8 0.000075417795456334
2574.256702763887460605 8474.919158690012409352 39.8 0.000070084506962109
2574.664286828920012340 8789.958810100253685960 39.8 0.000065002235718037
2575.067212790352641605 9126.106886067120285588 39.8 0.000060164646715322
2575.465480648184893653 9485.492678039481688756 39.8 0.000055565467866253
2575.859090402416768484 9870.539902261230963632 39.8 0.000051198490321369
2576.248042053048266098 10284.019350447149918182 39.8 0.000047057568783954
2576.632335600079386495 10729.113257917593728052 39.8 0.000043136621821149
2577.011971043510129675 11209.494549489298151457 39.8 0.000039429632171323
2577.386948383340040891 11729.425136855212258524 39.8 0.000035930647049792
2577.757267619570484385 12293.878835675091977464 39.8 0.000032633778448921
2578.122928752200095914 12908.696412143406632822 39.8 0.000029533203437709
2578.483931781228875479 13580.783007115875079762 39.8 0.000026623164456424
2578.840276706657732575 14318.362101382519540493 39.8 0.000023897969607806
2579.191963528486212454 15131.305869453524792334 39.8 0.000021351992946755
2579.538992246714315115 16031.570155783274458372 39.8 0.000018979674764746
2579.881362861342040560 17033.774904888345190557 39.8 0.000016775521872070
2580.219075372369388788 18155.990175223607366206 39.8 0.000014734107876502
2580.552129779796359799 19420.818077245232416317 39.8 0.000012850073458387
2580.880526083622953593 20856.909419404495565686 39.8 0.000011118126643728
2581.204264283848715422 22501.133637460243335227 39.8 0.000009533043070775
2581.523344380474554782 24401.756029042233421933 39.8 0.000008089666257233
2581.837766373500016925 26623.214221701651695184 39.8 0.000006782907860631
2582.147530262925101852 29253.520298647996241925 39.8 0.000005607747938063
2582.452636048749809561 32416.145112737671297509 39.8 0.000004559235200041
2582.753083730974140053 36289.913044545966840815 39.8 0.000003632487262289
2583.048873309598093329 41144.019403380669245962 39.8 0.000002822690894605
2583.340004784621214640 47403.569922770475386642 39.8 0.000002125102264966
2583.626478156044868228 55782.086317025430616923 39.8 0.000001535047179840
2583.908293423867689853 67577.653581356615177356 39.8 0.000001047921323494
2584.185450588089679513 85431.593720188218867406 39.8 0.000000659190491054
2584.457949648712201451 115700.352025742802652530 39.8 0.000000364390818880
2584.725790605733436678 178734.943233958532800898 39.8 0.000000159129012606
2584.988973459154749435 397380.044057157763745636 39.8 0.000000039082569570
