# distance(km) accu (m/yr)
0. 0.02003188
6.3 0.02003188
6.4 0.02003644
6.5 0.02001727
6.6 0.01998186
6.7 0.01995685
6.8 0.01992951
6.9 0.01989668
7.0 0.01988547
7.1 0.01987843
7.2 0.01986816
7.3 0.01983280
7.4 0.01982590
7.5 0.01980730
7.6 0.01981404
7.7 0.01977614
7.8 0.01974034
7.9 0.01972524
8.0 0.01970320
8.1 0.01966299
8.2 0.01963886
8.3 0.01963050
8.4 0.01963160
8.5 0.01964438
8.6 0.01963667
8.7 0.01961805
8.8 0.01961307
8.9 0.01960877
9.0 0.01959459
9.1 0.01958516
9.2 0.01958707
9.3 0.01955574
9.4 0.01953556
9.5 0.01953105
9.6 0.01952911
9.7 0.01950758
9.8 0.01946613
9.9 0.01941372
10.0 0.01935619
10.1 0.01934331
10.2 0.01933190
10.3 0.01930785
10.4 0.01928190
10.5 0.01925447
10.6 0.01923522
10.7 0.01920601
10.8 0.01918018
10.9 0.01914174
11.0 0.01910957
11.1 0.01907572
11.2 0.01905443
11.3 0.01902865
11.4 0.01900129
11.5 0.01897218
11.6 0.01893814
11.7 0.01890973
11.8 0.01889022
11.9 0.01888493
12.0 0.01888053
12.1 0.01886740
12.2 0.01886279
12.3 0.01884922
12.4 0.01883852
12.5 0.01882395
12.6 0.01880745
12.7 0.01880434
12.8 0.01880651
12.9 0.01880970
13.0 0.01881220
13.1 0.01881904
13.2 0.01882699
13.3 0.01883882
13.4 0.01884829
13.5 0.01886370
13.6 0.01888102
13.7 0.01890684
13.8 0.01892251
13.9 0.01893441
14.0 0.01894034
14.1 0.01894009
14.2 0.01892791
14.3 0.01890532
14.4 0.01888110
14.5 0.01885508
14.6 0.01884338
14.7 0.01887647
14.8 0.01892679
14.9 0.01897779
15.0 0.01901881
15.1 0.01905359
15.2 0.01908082
15.3 0.01910641
15.4 0.01913718
15.5 0.01916445
15.6 0.01920069
15.7 0.01924955
15.8 0.01929870
15.9 0.01935459
16.0 0.01941677
16.1 0.01947165
16.2 0.01953123
16.3 0.01958960
16.4 0.01965098
16.5 0.01971838
16.6 0.01978212
16.7 0.01982854
16.8 0.01985584
16.9 0.01992279
17.0 0.02000953
17.1 0.02010016
17.2 0.02020070
17.3 0.02027074
17.4 0.02032388
17.5 0.02038774
17.6 0.02042954
17.7 0.02048500
17.8 0.02053670
17.9 0.02057821
18.0 0.02066843
18.1 0.02078201
18.2 0.02086747
18.3 0.02093704
18.4 0.02095568
18.5 0.02095940
18.6 0.02093477
18.7 0.02088397
18.8 0.02080980
18.9 0.02071170
19.0 0.02064902
19.1 0.02061236
19.2 0.02057843
19.3 0.02057388
19.4 0.02061868
19.5 0.02061496
19.6 0.02059523
19.7 0.02061293
19.8 0.02064112
19.9 0.02061731
20.0 0.02063658
20.1 0.02066998
20.2 0.02073463
20.3 0.02084990
20.4 0.02098821
20.5 0.02106534
20.6 0.02087727
20.7 0.02075096
20.8 0.02064622
20.9 0.02058285
21.0 0.02052868
21.1 0.02049763
21.2 0.02045705
21.3 0.02038848
21.4 0.02036394
21.5 0.02035171
21.6 0.02032645
21.7 0.02031858
21.8 0.02029956
21.9 0.02028540
22.0 0.02026966
22.1 0.02024391
22.2 0.02022245
22.3 0.02017817
22.4 0.02011668
22.5 0.02002889
22.6 0.01995093
22.7 0.01986918
22.8 0.01979632
22.9 0.01973476
23.0 0.01966801
23.1 0.01962175
23.2 0.01956727
23.3 0.01951654
23.4 0.01947336
23.5 0.01942556
23.6 0.01938428
23.7 0.01935336
23.8 0.01934635
23.9 0.01931601
24.0 0.01929291
24.1 0.01926442
24.2 0.01923160
24.3 0.01919984
24.4 0.01914703
24.5 0.01908081
24.6 0.01902900
24.7 0.01897528
24.8 0.01894608
24.9 0.01893147
25.0 0.01892563
25.1 0.01892492
25.2 0.01893040
25.3 0.01893962
25.4 0.01895347
25.5 0.01895679
25.6 0.01894637
25.7 0.01892981
25.8 0.01889209
25.9 0.01885190
26.0 0.01881653
26.1 0.01878988
26.2 0.01878419
26.3 0.01881121
26.4 0.01883138
26.5 0.01884288
26.6 0.01883644
26.7 0.01881589
26.8 0.01880046
26.9 0.01878754
27.0 0.01878703
27.1 0.01880577
27.2 0.01881454
27.3 0.01880445
27.4 0.01880430
27.5 0.01882555
27.6 0.01884953
27.7 0.01887198
27.8 0.01889849
27.9 0.01892058
28.0 0.01894191
28.1 0.01895224
28.2 0.01895303
28.3 0.01894856
28.4 0.01893998
28.5 0.01892614
28.6 0.01891362
28.7 0.01892584
28.8 0.01894290
28.9 0.01897012
29.0 0.01900468
29.1 0.01903863
29.2 0.01908181
29.3 0.01911157
29.4 0.01914143
29.5 0.01918959
29.6 0.01923805
29.7 0.01927030
29.8 0.01933163
29.9 0.01940067
30.0 0.01947264
30.1 0.01954801
30.2 0.01962528
30.3 0.01970313
30.4 0.01976153
30.5 0.01987136
30.6 0.01999476
30.7 0.02009354
30.8 0.02020438
30.9 0.02024299
31.0 0.02024254
31.1 0.02027747
31.2 0.02029818
31.3 0.02032979
31.4 0.02034208
31.5 0.02032946
31.6 0.02027115
31.7 0.02021231
31.8 0.02017363
31.9 0.02020256
32.0 0.02021706
32.1 0.02019992
32.2 0.02015622
32.3 0.02006088
32.4 0.01995304
32.5 0.01985916
32.6 0.01979289
32.7 0.01978325
32.8 0.01973975
32.9 0.01968228
33.0 0.01962913
33.1 0.01958341
33.2 0.01954898
33.3 0.01949160
33.4 0.01943330
33.5 0.01941371
33.6 0.01938216
33.7 0.01935613
33.8 0.01931206
33.9 0.01930817
34.0 0.01930306
34.1 0.01927110
34.2 0.01925550
34.3 0.01923116
34.4 0.01920190
34.5 0.01919005
34.6 0.01918416
34.7 0.01917400
34.8 0.01916111
34.9 0.01914828
35.0 0.01916299
35.1 0.01914262
35.2 0.01913507
35.3 0.01914030
35.4 0.01914794
35.5 0.01913718
35.6 0.01912711
35.7 0.01912377
35.8 0.01911947
35.9 0.01912341
36.0 0.01913044
36.1 0.01912649
36.2 0.01913007
36.3 0.01912232
36.4 0.01913746
36.5 0.01915682
36.6 0.01916167
36.7 0.01918116
36.8 0.01917639
36.9 0.01918500
37.0 0.01919889
37.1 0.01921650
37.2 0.01920774
37.3 0.01920847
37.4 0.01921945
37.5 0.01921592
37.6 0.01921169
37.7 0.01919553
37.8 0.01920197
37.9 0.01920500
38.0 0.01918989
38.1 0.01917301
38.2 0.01916375
38.3 0.01915062
38.4 0.01912325
38.5 0.01911468
38.6 0.01911309
38.7 0.01908954
38.8 0.01907823
38.9 0.01905523
39.0 0.01904219
39.1 0.01904119
39.2 0.01903630
39.3 0.01902115
39.4 0.01897314
39.5 0.01898213
39.6 0.01896974
39.7 0.01895318
39.8 0.01895677
39.9 0.01893761
40.0 0.01893707
40.1 0.01892968
40.2 0.01892807
40.3 0.01891822
40.4 0.01891609
40.5 0.01892174
40.6 0.01892602
40.7 0.01892972
40.8 0.01893741
40.9 0.01892753
41.0 0.01892844
41.1 0.01892994
41.2 0.01892103
