#distance (km)	QLEDC12590	A_QLEDC14100	QLEDC14850	QLEDC15710	A_QLEDC17670	QLEDC18725	A_QLEDC21170	QLEDC22200	A_QLEDC23240	A_QLEDC24650	A_QLEDC25500	QLEDC26790	QLEDC27040	QLEDC29300	QLLDC_LINE1001_START25870	QLLDC_LINE1001_START26260	A_QLECD31150	A_QLEDC32850	QLLDC_LINE1001_START27750_A
6.3	1076.91	1205.1	1269.67	1341.45	1507.07	1595.86	1743.56	1888.2	1976.57	2093.6	2163.68	2273.59	2295.24	2485.01	2523.77	2582.06	2641.86	2704.28	2822.9
6.4	1078.56	1204.42	1268.83	1340.69	1507.53	1594.95	1747.53	1886.57	1975.48	2091.88	2162.51	2272.53	2295.73	2481.04	2522.37	2579.23	2643.68	2699.8	2821.68
6.5	1077.76	1203.77	1268.59	1341.56	1506.23	1593.94	1746.83	1884.74	1973.25	2090.34	2161.45	2271.55	2293.7	2481.51	2520.98	2576.47	2638.13	2695.43	2816.35
6.6	1079.15	1203.06	1267.82	1338.61	1504.25	1592.63	1745.88	1883.57	1970.97	2088.76	2158.69	2269.99	2291.46	2476.96	2518.99	2572.6	2633.8	2690.95	2810.66
6.7	1078.47	1202.33	1266.73	1336.94	1502.26	1591.25	1744.06	1881.05	1968.69	2087.18	2156.02	2268.42	2289.97	2476.51	2517	2568.2	2629.48	2686.47	2806.31
6.8	1076.56	1201.61	1266.45	1337.02	1500.34	1589.82	1742.28	1879.84	1966.47	2085.64	2153.42	2265.91	2287.74	2473.67	2515.05	2563.91	2625.27	2682.11	2802.07
6.9	1074.5	1200.88	1265.12	1335.84	1498.35	1588.68	1740.45	1877.91	1964.19	2083.45	2150.74	2263.79	2285.42	2471.11	2512.77	2559.5	2620.98	2677.63	2797.52
7.1	1073.18	1199.43	1263.66	1334.24	1495.51	1585.22	1736.85	1875.11	1959.68	2077.91	2145.47	2258.34	2279.97	2462.57	2505.66	2551.29	2612.71	2668.79	2788.55
7.2	1073.07	1198.7	1261.87	1331.55	1494.31	1584.08	1735.02	1870.8	1957.4	2075.1	2142.8	2255.9	2277.95	2460.2	2502.05	2548.06	2608.5	2665.16	2780.51
7.3	1071.16	1197.95	1260.87	1330.38	1493.11	1582.2	1733.2	1868.73	1955.12	2072.66	2140.13	2253.15	2274.63	2456.19	2498.45	2544.82	2604.28	2662.05	2774.11
7.4	1070.75	1197.08	1259.82	1329.43	1491.92	1580.78	1731.37	1868.01	1953.85	2070.45	2137.7	2251.12	2272.81	2453.4	2494.85	2541.59	2600.07	2658.92	2770.88
7.5	1071.7	1196.23	1259.28	1328.53	1490.75	1579.63	1729.37	1865.61	1951.47	2068.29	2136.02	2249.52	2272.32	2450.85	2491.34	2538.44	2596.74	2656.55	2768.32
7.6	1068.49	1195.36	1257.92	1327.37	1489.55	1578.03	1727.31	1863.8	1949.82	2066.07	2134.28	2248.11	2269.5	2449.45	2488.77	2535.2	2594.08	2652.77	2765.68
7.7	1066.89	1194.26	1256.39	1325.03	1487.97	1575.49	1724.71	1860.08	1946.46	2063.27	2132.09	2244.77	2267.22	2446.16	2486.28	2532.64	2591.37	2648.82	2762.33
7.8	1067.06	1193.26	1253.97	1324.16	1485.4	1573.73	1721.57	1857.42	1943.82	2060.77	2129.45	2242.35	2264.03	2443.21	2483.28	2531.11	2587.69	2644.06	2758.28
7.9	1065.43	1191.6	1253.34	1322.42	1482.94	1572.22	1718.43	1854.92	1942.09	2058.26	2126.8	2238.76	2261.19	2442.03	2480.27	2529.58	2583.65	2639.3	2755.15
8	1065.34	1190.43	1251.19	1320.71	1480.55	1570.53	1716.2	1852.67	1940.47	2056.71	2124.25	2236.89	2258.88	2436.6	2477.7	2528.1	2582.27	2634.91	2752.89
8.1	1064.6	1189.37	1251.28	1320.51	1478.13	1569.26	1715.63	1850.59	1938.82	2055.29	2121.65	2235.21	2257.03	2436.46	2477.44	2526.6	2580.41	2634.29	2750.39
8.2	1064.15	1188.32	1250.74	1319.63	1477.83	1567.99	1715.11	1849.14	1937.29	2053.97	2120.97	2234.67	2255.93	2435.14	2477.2	2525.73	2579.26	2633.71	2748.04
8.3	1063.21	1187.63	1250.05	1318.9	1477.51	1566.76	1714.53	1848.08	1935.58	2052.51	2120.22	2233.17	2255.74	2434.51	2476.38	2524.29	2579.8	2633.07	2748.4
8.4	1062.31	1187.63	1251.08	1318.8	1477.19	1565.81	1713.98	1847.02	1933.96	2051.34	2119.51	2233.34	2255	2436.16	2475.45	2523.24	2580.24	2632.46	2750.72
8.5	1061.88	1187.63	1249.54	1317.08	1476.88	1564.63	1713.42	1844.66	1932.34	2050.17	2118.79	2231.06	2253.39	2434.21	2474.47	2522.2	2575.49	2631.83	2748.11
8.6	1061.83	1187.63	1248.18	1317.15	1476.56	1563.92	1712.15	1843.62	1930.69	2048.98	2117.81	2230.31	2252.24	2431.51	2473.34	2521.14	2571.13	2630.8	2743.69
8.7	1062.34	1187.63	1247.97	1316.8	1476.34	1563.29	1711.24	1842.41	1929.56	2048.17	2117.63	2229.84	2251.58	2431.06	2472.58	2520.42	2571.13	2630.1	2740.52
8.8	1062.58	1187.63	1247.86	1316.63	1476.13	1562.73	1710.35	1841.42	1928.75	2047.38	2117.08	2229.96	2251.86	2430.44	2471.83	2519.71	2571.13	2629.08	2739.41
8.9	1062.22	1187.63	1247.75	1315.86	1475.91	1562.3	1709.44	1840.9	1927.97	2046.46	2116.58	2230.5	2251.79	2430.83	2471.06	2519.15	2571.13	2628.71	2739.06
9	1063.07	1187.63	1247.18	1315.58	1476.06	1561.8	1708.5	1840	1927.17	2045.47	2116.07	2230.59	2253.28	2431.37	2471.16	2518.84	2571.13	2627.99	2738.72
9.1	1061.94	1187.63	1248.06	1315.35	1475.47	1561.27	1707.57	1839.57	1926.37	2044.47	2115.56	2229.98	2251.64	2431.55	2472	2518.53	2571.13	2627.8	2738.11
9.2	1060.03	1187.08	1246.51	1315	1475.23	1560.8	1707.85	1839.02	1925.53	2043.43	2115.02	2229.71	2252.37	2431.71	2472.88	2518.21	2571.13	2626.51	2736.46
9.3	1061.7	1186.4	1246.52	1313.92	1475.02	1560.54	1708.35	1840.23	1925.08	2042.46	2115.8	2230.84	2252.66	2431.52	2473.76	2517.9	2572.15	2625.8	2734.83
9.4	1061.07	1185.75	1246.08	1313.59	1475.07	1559.91	1708.84	1838.08	1925.76	2042.22	2117.18	2231.26	2253.15	2432.77	2475.41	2517.61	2574.31	2627.03	2738.33
9.5	1061.71	1185.14	1246.67	1313.81	1477.71	1560.15	1709.28	1839.23	1926.14	2043.68	2118.96	2233.13	2254.87	2434.09	2476.92	2518.84	2576.51	2628.31	2741.9
9.6	1062.15	1184.67	1246.25	1314.36	1476.63	1560.59	1709.87	1838.97	1926.65	2045.85	2120.12	2235.4	2257.67	2436.64	2478.91	2521.63	2578.7	2630	2746.04
9.7	1062.65	1183.68	1246.53	1317.21	1475.58	1560.85	1710.44	1839.96	1927.69	2047.98	2121.75	2237.88	2260.79	2437.5	2480.86	2524.36	2580.58	2631.65	2748.74
9.8	1062.15	1183.68	1247.16	1313.53	1474.86	1561.38	1711	1842.03	1929.11	2050.21	2123.95	2240.22	2262.42	2441.74	2482.89	2527.2	2582.54	2633.37	2751.3
9.9	1062.07	1183.68	1246.9	1314.08	1476.06	1562.15	1711.61	1841.65	1930.66	2052.69	2126.89	2243.17	2264.77	2444.19	2485.1	2530.75	2584.68	2635.64	2749.2
10	1063.15	1183.68	1248.37	1316.01	1477.25	1563.22	1712.29	1842.97	1932.67	2056.6	2130.18	2246.28	2268.35	2446.72	2487.57	2534.9	2588.5	2640.58	2751.95
10.1	1064.17	1183.68	1248.42	1315.87	1478.67	1564.51	1712.94	1845.88	1935.55	2060.37	2133.35	2249.9	2272.39	2450.69	2491.92	2538.91	2593.96	2645.73	2757.37
10.2	1064.45	1183.68	1248.56	1317.65	1479.38	1566.56	1713.93	1847.75	1938.28	2063.93	2136.35	2254.19	2276.7	2455.05	2496.8	2542.7	2598.6	2649.85	2762.84
10.3	1065.01	1183.68	1249.23	1317.86	1480.12	1567.68	1715.52	1849.54	1940.59	2066.95	2138.89	2257.99	2280.1	2458.03	2501.08	2545.97	2603.33	2653.66	2767.53
10.4	1066.2	1183.68	1249.47	1318.31	1480.82	1568.39	1717.04	1851.21	1942.32	2070.03	2141.78	2262.97	2283.84	2462.34	2506.65	2549.12	2607.84	2657.3	2772.12
10.5	1065.98	1183.86	1250.03	1318.95	1481.56	1570.15	1718.63	1853.01	1945.22	2073.56	2145.28	2265.57	2288.23	2466.47	2512.01	2552.42	2612.57	2661.11	2777.22
10.6	1065.3	1185.1	1250.44	1319.6	1482.26	1571.25	1720.15	1854.68	1947.3	2076.93	2148.63	2270.06	2292.02	2471.16	2513.63	2555.57	2616.55	2664.74	2782.48
10.7	1066.61	1186.26	1250.58	1319.71	1482.92	1572.03	1721.56	1856.53	1949.19	2080.05	2151.74	2272.2	2294.15	2472.33	2514.51	2556.76	2618.33	2668.12	2783.62
10.8	1065.76	1187.36	1250.37	1319.6	1483.32	1572.31	1722.13	1857.15	1949.86	2082.43	2154.69	2274.08	2295.85	2475.54	2515.34	2557.47	2617.65	2670.2	2780.68
10.9	1066.95	1187.63	1250.25	1319.9	1483.32	1572.54	1721.58	1858.18	1950.53	2084.74	2156.95	2275.16	2297.11	2474.34	2516.1	2558.18	2616.37	2670.2	2778.64
11	1065.43	1187.76	1249.27	1319.2	1483.32	1572.45	1721.06	1857.92	1951.17	2086.8	2157.87	2275.82	2298.32	2474.75	2516.21	2558.85	2614.86	2670.2	2777.13
11.1	1065.07	1187.63	1249.7	1318.99	1483.32	1572.08	1720.54	1858.26	1951.8	2088.33	2158.79	2276.92	2297.94	2476.57	2517.38	2559.62	2613.35	2670.2	2775.61
11.2	1064.65	1187.25	1248.51	1318.39	1483.32	1571.78	1720.03	1857.81	1953.16	2087.73	2159.68	2276.55	2298.81	2476.76	2518	2560.16	2613.73	2669.51	2775.2
11.3	1062.96	1186.07	1247.82	1317.74	1483.32	1571.33	1719.52	1858	1952.68	2087.14	2160.52	2277.1	2298.63	2475.92	2518.62	2560.81	2615.26	2667.78	2775.58
11.4	1062.08	1185.38	1246.85	1317.3	1483.32	1571.14	1719	1858.22	1952.82	2086.77	2160.79	2277.46	2299.09	2475.14	2518.21	2561.46	2616.04	2666.01	2776.33
11.5	1061.83	1184.43	1246.07	1316.63	1483.72	1570.7	1718.94	1857.93	1952.95	2087.36	2161.06	2277.33	2299.14	2476.95	2517.67	2561.72	2615.67	2664.24	2769.27
11.6	1060.85	1183.51	1245.9	1315.57	1483.32	1570.18	1718.94	1858.37	1953.08	2087.93	2161.32	2277.99	2298.97	2474.44	2517.14	2561.54	2614.78	2662.17	2762.96
11.7	1059.79	1182.56	1244.88	1314.82	1483.32	1569.76	1718.94	1857.8	1953.22	2088.51	2161.59	2277.46	2298.95	2473.7	2516.59	2562.23	2613.77	2660.75	2758.5
11.8	1058	1181.64	1243.38	1314.15	1482.4	1569.55	1718.83	1857.54	1953.35	2089.09	2161.85	2276.66	2297.66	2472.47	2514.86	2562.48	2611.1	2659.03	2754.72
11.9	1057.55	1180.69	1242.2	1312.79	1482.52	1568.99	1718.23	1857.45	1953.77	2089.67	2162.12	2276.35	2298.16	2470.41	2512.12	2562.74	2609.34	2657.27	2751.62
12	1056.85	1179.74	1242.55	1313.22	1481.84	1568.98	1717.64	1858.01	1954.72	2090.31	2162.4	2277.26	2299.8	2472.22	2509.92	2563	2610.27	2656.41	2750.36
12.1	1055.37	1178.79	1242.1	1312.06	1481.38	1568.93	1717.04	1858.71	1955.68	2090.7	2163.69	2278.37	2299.67	2470.49	2509.92	2563.49	2610.56	2656.41	2750.64
12.2	1055.45	1178.62	1240.8	1311.92	1480.89	1569.36	1716.53	1859.64	1956.49	2091.11	2164.94	2279.95	2302.26	2472.12	2509.92	2564.56	2612.01	2656.47	2751.49
12.3	1054.46	1178.05	1240.4	1312.1	1480.43	1569.17	1716.13	1859.26	1957.52	2091.48	2166.1	2280.36	2301.1	2472.11	2509.92	2565.27	2612.76	2658.31	2754.15
12.4	1053.62	1177.33	1239.57	1311.35	1479.86	1569.16	1716.41	1860.05	1959.15	2092.05	2167.56	2280.68	2301.96	2473.36	2510.43	2565.91	2613.69	2660.62	2757.46
12.5	1052.28	1176.57	1238.9	1310.01	1479.26	1568.11	1716.7	1860.52	1960.93	2093.12	2169.72	2281.83	2304.11	2474.02	2511.44	2566.59	2614.62	2663.05	2760.97
12.6	1051.04	1175.85	1238.19	1309.41	1478.68	1568.07	1716.98	1860.76	1962.49	2095.64	2171.09	2283.16	2304.19	2475.58	2512.39	2566.93	2615.61	2665.35	2761.9
12.7	1050.73	1175.17	1237.58	1308.72	1478.15	1568.66	1717.24	1862.14	1964.02	2097.47	2172.72	2284.06	2306.04	2475.31	2513.28	2567.06	2616.69	2667.52	2761.43
12.8	1049.85	1174.55	1237.19	1309.41	1479.38	1569.21	1717.5	1863.38	1965.55	2099.31	2174.85	2285.36	2307.64	2476.9	2514.18	2567.42	2618.02	2669.69	2763.15
12.9	1049.14	1173.82	1236.94	1308.59	1480.67	1569.72	1717.76	1864.97	1967.08	2101.49	2176.73	2287.16	2310.01	2477.61	2515.08	2567.66	2619.33	2671.86	2765.81
13	1049.41	1173.16	1236.79	1308.95	1481.91	1570.24	1718.01	1866.74	1968.52	2103.61	2178.82	2289.24	2312.21	2478.75	2517.47	2567.9	2620.6	2673.97	2768.57
13.1	1049.93	1172.54	1236.28	1308.69	1483.3	1570.97	1718.43	1867.93	1970.4	2105.8	2180.44	2291.64	2313.39	2480.58	2519.97	2568.15	2621.92	2676.14	2771.42
13.2	1048.16	1171.84	1236.41	1310.1	1484.13	1572	1720.02	1869.28	1971.92	2107.98	2182.26	2293.34	2316.76	2482.78	2522.3	2568.39	2623.24	2677.58	2774.27
13.3	1047.7	1172.28	1236.29	1309.11	1485.78	1572.86	1721.29	1871.72	1974.15	2110.17	2184.42	2295.44	2318.49	2484.77	2524.37	2569.44	2624.5	2678.95	2776.7
13.4	1047.64	1172.75	1236.61	1309.63	1487.02	1573.7	1722.52	1872.89	1975.96	2112.28	2186.03	2297.76	2318.6	2485.61	2526.27	2570.83	2625.43	2680.28	2779.39
13.5	1047.93	1173.16	1236.59	1309.56	1488.31	1574.48	1723.79	1874.56	1977.84	2114.47	2187.91	2299.42	2320.1	2487.88	2527.58	2572.28	2626.41	2681.19	2781.13
13.6	1047.96	1173.61	1236.56	1309.91	1489.4	1575.52	1725.1	1877.15	1979.77	2116.34	2189.39	2301.03	2321.88	2488.62	2527.87	2573.76	2627.39	2683.06	2780.23
13.7	1046.88	1174.06	1236.72	1310.03	1490.41	1576.47	1726.37	1878.15	1981.64	2117.86	2190.55	2303.3	2326.06	2491.59	2528.14	2575.21	2628.29	2684.43	2775.42
13.8	1046.57	1174.5	1236.97	1310.49	1491.43	1577.26	1727.72	1879.66	1983.52	2119.37	2191.71	2303.03	2325.83	2492.43	2528.42	2576.65	2629.13	2685.8	2772.87
13.9	1046.35	1174.96	1237.22	1310.59	1492.48	1578.36	1729.57	1881.12	1985.45	2120.93	2192.9	2304.53	2326.9	2492.5	2529.21	2577.61	2630	2687.22	2772.5
14	1045.89	1175.41	1237.56	1311.56	1493.52	1579.52	1731.42	1882.89	1987.59	2122.49	2194.1	2305.93	2328.24	2494.97	2532.42	2578.2	2630.86	2688.63	2776.16
14.1	1045.75	1175.86	1238.5	1312.53	1494.54	1580.88	1733.22	1884.56	1989.25	2124.01	2195.26	2308.03	2330.51	2497.36	2536.44	2578.77	2633.23	2690	2783.37
14.2	1045.47	1176.31	1238.6	1313.69	1495.58	1582.41	1735.08	1887.22	1991.61	2126.95	2196.53	2310.47	2332.57	2502.95	2542.66	2581.78	2637.34	2691.41	2793.27
14.3	1046.45	1176.77	1239.74	1313.83	1496.63	1584.08	1736.93	1890.11	1994.02	2130.4	2200.22	2314.47	2336.87	2506.02	2549.06	2586.46	2642.35	2703.55	2805.5
14.4	1046.12	1177.09	1239.7	1315.25	1497.52	1585.88	1738.78	1893.07	1996.44	2133.84	2203.91	2318.56	2341.39	2510.34	2556.32	2591.15	2649.92	2717.99	2818.25
14.5	1047.87	1177.09	1240.58	1315.92	1498.91	1587.79	1740.4	1896.24	1998.85	2137.29	2207.6	2322.27	2343.96	2514.47	2561.6	2599.57	2661	2732.43	2830.99
14.6	1047.31	1177.09	1241	1316.94	1500.39	1589.29	1742.01	1899.18	2001.26	2140.33	2211.29	2326.39	2347.6	2520.09	2564.3	2610.61	2672.08	2746.86	2843.74
14.7	1046.5	1177.09	1241.74	1317.53	1501.8	1590.68	1743.68	1900.95	2003.75	2143.12	2214.93	2329.57	2351.53	2525.68	2562.48	2621.98	2680.96	2751.62	2856.86
14.8	1046.6	1177.09	1242.14	1318.72	1502.95	1591.85	1745.34	1902.78	2006.23	2145.92	2215.94	2328.7	2349.67	2527.17	2557.32	2616.89	2673.28	2754.71	2855.13
14.9	1046.71	1177.09	1242.54	1319.1	1504	1592.55	1747	1903.5	2008.3	2144.45	2216.48	2326.06	2349.35	2519.7	2554.37	2610.26	2664.47	2748.58	2843.63
15	1046.59	1177.09	1243.09	1319.77	1504.75	1593.37	1747.76	1903.48	2007.92	2142.86	2213.92	2323.2	2345.82	2515.49	2551.43	2603.62	2656.09	2735.53	2832.05
15.1	1046.61	1177.09	1242.84	1320.07	1505.46	1594.22	1748.33	1903.93	2007.53	2140.92	2211.89	2320.41	2342.77	2511.7	2548.48	2600.39	2651.45	2727.02	2820.59
15.2	1049.55	1177.09	1244.5	1321.04	1506.58	1595.28	1748.91	1904.23	2006.63	2138.79	2209.52	2317.85	2338.9	2509.49	2545.45	2597.06	2646.68	2723.82	2815.02
15.3	1047.93	1177.09	1244.83	1322.28	1507.51	1596.67	1749.5	1905.3	2006.73	2136.94	2207.16	2316.6	2338.76	2507.05	2543.95	2595.37	2643.9	2720.62	2811.39
15.4	1047.99	1176.93	1245.94	1323.3	1509.55	1597.87	1750.07	1905.9	2007.56	2136.54	2204.86	2314.75	2336.7	2505.06	2544.18	2593.99	2643.9	2717.5	2808.68
15.5	1048.32	1178.66	1246.89	1324.68	1511.12	1599.49	1751.14	1907.11	2008.91	2136.13	2203.35	2313.98	2335.86	2503.61	2544.1	2593.56	2643.81	2714.9	2806.65
15.6	1049.01	1180.43	1248.42	1327.04	1513.09	1601.51	1752.31	1908.64	2010.33	2135.69	2203.8	2313.65	2334.74	2503.09	2544.92	2594.97	2645.87	2717.23	2808.51
15.7	1051.36	1182.43	1250.41	1329.98	1516.64	1604.68	1754.84	1911.63	2012	2135.32	2204.78	2314.64	2335.25	2504.73	2548.02	2596.56	2649.64	2719.87	2815.08
15.8	1052.43	1184.48	1253.82	1332.86	1519.82	1608.3	1758.6	1915.18	2015.07	2140.35	2207.17	2316.48	2338.35	2506.68	2551.47	2599.73	2654.2	2722.74	2822.14
15.9	1054.26	1187.13	1256.72	1336.64	1523.61	1612.14	1762.36	1918.34	2018.38	2144.02	2209.55	2318.25	2339.82	2509.28	2554.93	2602.95	2658.8	2727.42	2830.16
16	1055.57	1189.92	1259.5	1340.41	1527.29	1616.02	1766.04	1922.07	2021.29	2146.6	2211.88	2319.56	2340.14	2511.27	2558.17	2606.09	2663.04	2731.98	2835.54
16.1	1057.97	1191.72	1262.75	1343	1530.83	1619.28	1768.99	1925.32	2023.87	2149.1	2213.99	2321.54	2341.4	2512.99	2560.24	2609.24	2668.26	2736.13	2837.85
16.2	1060.65	1195.1	1267.05	1346.56	1534.05	1623.33	1772.87	1929.21	2026.73	2151.54	2216.21	2324.16	2344.26	2515.99	2562.42	2611.93	2674.17	2740.48	2840.27
16.3	1062.66	1197.47	1268.68	1350.16	1537.1	1626.4	1775.82	1932.13	2029.31	2152.86	2218.02	2325.1	2345.61	2517.05	2564.38	2614.63	2679.31	2744.41	2842.59
16.4	1063.52	1199.95	1272.79	1352.54	1540.36	1629.93	1778.85	1934.91	2031.97	2154.22	2219.17	2327.1	2347.7	2519.94	2566.39	2618.01	2684.69	2748.45	2849.77
16.5	1067.48	1202.14	1275.18	1356.16	1543.52	1633.64	1781.72	1938.42	2033.88	2155.62	2220.83	2329.27	2350.72	2522.2	2568.46	2622.23	2690.22	2752.59	2855.73
16.6	1068.81	1204.05	1278.79	1359.14	1546.83	1636.63	1784.96	1941.06	2035.55	2156.94	2221.47	2331.23	2350.98	2524.45	2570.42	2626.24	2695.46	2757.41	2859.99
16.7	1070.47	1205.81	1280.2	1360.06	1548.78	1638.06	1787.61	1942.2	2037.08	2158.16	2222.5	2332.45	2354.71	2526.71	2572.22	2629.92	2700.28	2762.6	2863.9
16.8	1070.21	1208.19	1281.41	1361.16	1547.63	1638.48	1791.28	1941.72	2039.01	2159	2223.89	2331.27	2351.5	2527.1	2575.14	2634.9	2706.8	2769.63	2871.55
16.9	1073.48	1209.95	1282.91	1363.71	1548.63	1640.94	1793.59	1944.17	2040.23	2159.41	2224.92	2333.51	2355.22	2531.13	2577.31	2638.58	2711.61	2774.82	2886.91
17.2	1079.61	1216.34	1290.85	1371.09	1555.13	1647.6	1799.4	1949.28	2043.95	2162.15	2228.72	2336.23	2356.96	2534.79	2580.75	2640.53	2714.5	2790.55	2910.58
17.3	1080.93	1218.73	1292.47	1370.51	1557.21	1649.23	1801.26	1950.73	2045.14	2164.91	2230.17	2336.81	2358	2535.38	2583.26	2641.4	2714.39	2795.59	2916.17
17.4	1081.34	1221.19	1294.67	1374.21	1559.35	1651.05	1803.18	1952.45	2046.32	2167.75	2231.66	2338.93	2358.89	2537.98	2588.57	2643.67	2717.98	2801.75	2921.58
17.5	1080.85	1223.63	1295.94	1376.25	1560.98	1652.6	1804.53	1953.88	2047.3	2170.59	2233.16	2340.45	2362.88	2541.2	2593.72	2646.08	2722.75	2808.36	2928.17
17.6	1084.25	1226.11	1297.7	1377.63	1562.39	1653.9	1805.48	1955.24	2048.28	2170.8	2234.65	2342.4	2364.94	2545.06	2597.68	2650.86	2728.89	2814.88	2934.77
17.7	1085.67	1227.57	1298.51	1378.71	1563.24	1654.94	1806.43	1956.53	2049.19	2170.32	2236.14	2345.02	2365.24	2549.7	2600.13	2655.64	2735.44	2818.59	2941.36
17.8	1086.96	1228.33	1300.11	1380.45	1563.48	1655.29	1807.38	1956.53	2048.69	2169.84	2235.04	2345.53	2368.08	2551.97	2600.38	2657.37	2733.8	2816.4	2947.96
17.9	1087.64	1228.5	1300.58	1379.87	1563.04	1655.05	1808.33	1955.82	2047.48	2167.68	2233.36	2343.89	2366.12	2550.76	2600.62	2656.24	2728.62	2808.9	2954.33
18	1086.07	1228.97	1301.23	1379.9	1562.23	1654.13	1809.28	1953.48	2046.26	2164.47	2227.69	2339.95	2359.19	2546.27	2592.42	2651.36	2720.96	2796.07	2959
18.1	1082.88	1229.41	1300.67	1378.9	1560.83	1652.54	1807.38	1950.65	2042.19	2160.27	2221.88	2334.4	2353.66	2536.06	2583.69	2640.59	2712.23	2783.24	2961.16
18.2	1084.76	1229.54	1299.84	1378.24	1560.01	1650.66	1803.84	1946.63	2037.87	2155.02	2216.25	2328.29	2347.71	2531.42	2575.22	2629.9	2701.61	2770.79	2956.49
18.3	1087.2	1228.08	1298.8	1376.6	1557.97	1648.01	1800.19	1943.61	2033.42	2149.6	2210.45	2321.36	2342.14	2521.09	2566.5	2620.38	2690.67	2757.96	2946.71
18.4	1086.3	1226.61	1298.46	1375.18	1554.91	1645.15	1796.54	1939.37	2027.94	2143.76	2204.65	2315.46	2337.71	2515.17	2557.77	2610.72	2679.73	2745.6	2934.43
18.5	1085.59	1225.14	1296.51	1373.45	1551.85	1641.85	1793	1934.55	2022.63	2137.91	2198.84	2308.87	2329.3	2503.92	2549.04	2601.63	2668.79	2733.26	2920.48
18.6	1085.3	1223.67	1294.88	1371.24	1548.51	1638.63	1789.51	1929.47	2017.33	2132.07	2193.04	2301.55	2320.97	2497.08	2540.32	2594.09	2658.08	2720.91	2903.98
18.7	1082.97	1222.25	1292.99	1369.23	1545.13	1635.14	1786.12	1925.83	2011.82	2126.42	2187.41	2295.02	2313.73	2488.53	2531.85	2586.77	2647.77	2708.93	2884.74
18.8	1082.59	1220.78	1291.35	1367.57	1541.81	1631.46	1782.63	1919.76	2006.88	2121.19	2181.6	2288.28	2305.99	2479.7	2523.12	2579.23	2637.15	2697.57	2859.78
18.9	1081.77	1219.31	1289.98	1364.59	1537.64	1628.29	1779.4	1914.9	2002.24	2116.53	2175.8	2281.24	2300.88	2470.44	2514.39	2571.69	2626.53	2688.96	2833.61
19	1078.57	1218.33	1287.95	1362.85	1535.51	1625	1776.32	1910.95	1997.78	2112.02	2170	2275.24	2293.35	2467.68	2505.92	2564.15	2615.91	2684.06	2811.8
19.1	1078.99	1217.38	1286.3	1360.8	1533.26	1622.06	1773.25	1906.63	1993.32	2107.11	2164.19	2270.15	2289.34	2460.09	2497.91	2556.91	2610.36	2681.19	2795.49
19.2	1079.42	1216.67	1284.92	1358.64	1531.02	1619.64	1770.26	1903.75	1988.99	2102.05	2160.45	2265.58	2284.11	2456.42	2490.3	2552.88	2607.03	2678.4	2784.32
19.3	1079.69	1215.47	1283.83	1357.56	1528.47	1617.24	1767.09	1900.11	1984.39	2096.84	2158.37	2262.77	2282.6	2452.8	2485	2548.6	2603.48	2675.45	2779.86
19.4	1079.41	1215.62	1283.77	1356.02	1525.91	1615.41	1764.16	1898.32	1982.3	2094.66	2156.34	2259.76	2277.76	2450.45	2481.13	2540.2	2601.7	2672.02	2779.1
19.5	1078.69	1214.76	1282.12	1354.39	1523.47	1613.69	1762.61	1899.16	1980.37	2091.76	2154.21	2257.46	2275.58	2448.99	2479.56	2536.84	2600.69	2671.57	2778.91
19.6	1077.77	1214.39	1280.57	1353.92	1522.23	1612.03	1761.1	1898.15	1978.53	2089.73	2152.32	2256.33	2274.61	2448.14	2480.19	2533.85	2599.7	2671.06	2780.23
19.7	1080.19	1214.5	1280.66	1353.17	1521.71	1611.38	1759.6	1893.63	1978.33	2088.38	2152.32	2256.09	2273.23	2448.18	2481.08	2535.24	2598.72	2670.56	2783.8
19.9	1079.59	1213.97	1280.46	1352.34	1519.69	1610.31	1758.62	1893.06	1978.33	2089.78	2153.82	2256.25	2274.65	2448.48	2484.93	2538.01	2603.27	2674.97	2793.74
20	1078.85	1214.14	1280.53	1352.21	1519.64	1610.24	1758.62	1893.14	1978.33	2090.43	2154.56	2257.71	2276.18	2451.49	2487.99	2539.89	2607.04	2680.61	2800.82
20.1	1080.55	1214.33	1281.19	1352.15	1519.85	1610.24	1758.62	1893.54	1978.99	2091.93	2155.31	2258.84	2279.08	2455.56	2491.24	2544.62	2610.91	2686.25	2812.47
20.2	1081.84	1214.53	1280.38	1352.25	1519.64	1610.74	1758.62	1893.71	1980.36	2093.48	2156.66	2261.69	2281.96	2459.27	2495.67	2549.49	2616.1	2694.13	2827.24
20.3	1081.88	1214.72	1281.23	1352.35	1519.64	1610.63	1759.1	1895.12	1981.78	2095.02	2158.45	2263.91	2282.85	2462.37	2500.11	2555.8	2621.28	2702.84	2851.81
20.4	1082.77	1215.1	1282.04	1352.22	1519.99	1610.78	1761.46	1898.65	1984.13	2100.11	2161.92	2268.45	2288.91	2472.17	2508	2566.41	2631.69	2714.6	2893.76
20.5	1080.58	1215.24	1281.46	1351.57	1518.85	1610.28	1761.46	1896.93	1982.68	2102.75	2161.25	2269.43	2291.73	2474.31	2508.31	2568.13	2635.93	2711.94	2882.27
20.6	1082.85	1214.56	1281.61	1351.72	1518.29	1609.63	1760.43	1895.18	1981.24	2099.77	2159.57	2269.2	2291.29	2473.39	2504.83	2564.93	2632.79	2707.1	2859.11
20.7	1083.95	1213.89	1280.24	1350.78	1517.54	1608.46	1759.03	1893.84	1979.45	2096.78	2157.52	2266.75	2286.9	2469.41	2499.64	2560.09	2626.85	2702.27	2835.88
20.8	1080.84	1213.21	1280.08	1351.01	1516.11	1607.06	1756.73	1892.51	1977.56	2094.05	2155.01	2264.69	2284.11	2465.81	2494.44	2555.23	2620.92	2696.81	2817.96
20.9	1082.74	1212.52	1278.68	1349.71	1514.65	1605.31	1753.98	1889.78	1975.61	2091.39	2152.74	2260.21	2280.53	2460.25	2491.37	2550.24	2614.81	2690.55	2804.91
21	1081.74	1211.76	1277.98	1347.89	1513.38	1603.38	1750.99	1887.54	1974.25	2088.51	2150.28	2257.42	2277.71	2457.95	2488.53	2545.61	2610.59	2683.84	2793.58
21.1	1081.92	1211.04	1276.4	1345.99	1511.21	1601.06	1748.98	1885.08	1971.38	2085.63	2147.25	2255.15	2275.51	2454.25	2485.73	2541.44	2606.42	2680.48	2783.42
21.2	1080.94	1210.33	1275.65	1345.05	1509.19	1599.73	1747.29	1883.1	1969.66	2082.92	2145.22	2253.23	2272.92	2452.36	2483.12	2537.45	2602.36	2676.94	2773.36
21.3	1079.83	1209.64	1274.23	1343.54	1507.53	1598.2	1745.64	1883.3	1967.79	2081.42	2145.82	2251.87	2272.4	2450.57	2481.82	2538.23	2601.61	2675.96	2767.05
21.4	1080.71	1208.98	1273.65	1343.05	1507.53	1597.23	1744.61	1881.51	1966.52	2081.26	2146.73	2252.53	2272.96	2452.34	2482.68	2538.98	2602.14	2675.96	2772.1
21.5	1080.04	1208.69	1273.14	1342.12	1507.53	1597	1745.21	1881.62	1967.66	2082.59	2147.57	2253.2	2273.96	2452.72	2486.29	2541.96	2604.1	2678.71	2777.74
21.6	1080.19	1208.69	1272.72	1343.01	1507.05	1596.49	1745.81	1882.29	1968.81	2084.32	2149.06	2256.07	2276.24	2456.29	2491.81	2546.04	2607.38	2682.16	2785.03
21.7	1079.73	1208.69	1272.39	1342.09	1507	1596.92	1746.41	1882.88	1969.96	2085.61	2150.89	2259.03	2279.09	2460.05	2496.85	2550.12	2610.66	2685.61	2794.66
21.8	1079.96	1208.49	1272.18	1342.23	1507.26	1597.09	1747.04	1884.3	1971.17	2088.1	2152.83	2262.77	2282.74	2465.84	2501.2	2556.26	2617.32	2691.68	2804.95
21.9	1080.42	1208.24	1271.88	1341.53	1507.52	1597.38	1747.75	1885.44	1972.29	2090.42	2154.61	2265.48	2286.51	2469.96	2505.18	2562.28	2624.54	2697.44	2815.41
22	1079.19	1207.97	1271.05	1341.14	1507.49	1597.45	1748.58	1886.19	1973.28	2093.37	2157.21	2269.11	2291.56	2472.69	2509.32	2568.49	2632.17	2703.38	2825.62
22.1	1079.3	1207.71	1271.13	1340.44	1507.22	1597.35	1749.41	1886.97	1974.27	2096.32	2159.84	2272	2293.03	2480.09	2513.49	2574.64	2639.94	2712.02	2831.28
22.2	1078.59	1206.79	1270.47	1340.39	1506.74	1597.11	1749.92	1887.08	1975.23	2098.15	2161.66	2274.6	2295.25	2483.42	2515.17	2577.9	2646.07	2718.9	2836.46
22.3	1077.75	1206.66	1270.55	1339.79	1507.53	1596.42	1748.2	1886.98	1974.72	2099.35	2162.22	2276.04	2297.63	2484.85	2515.16	2580.72	2644.19	2715.24	2840.38
22.4	1077.53	1205.73	1268.94	1338.77	1507.53	1595.37	1746.48	1886.14	1973.1	2100.56	2161.55	2275.57	2296.5	2481.56	2512.84	2576.92	2639.77	2710.79	2828.42
22.5	1077.51	1204.76	1267.49	1337.36	1506.04	1593.82	1744.75	1884.55	1971.3	2098.07	2160.12	2272.78	2295.64	2477.58	2507.17	2569.15	2629.22	2700.54	2814.52
22.6	1075.66	1204.11	1266.22	1335.69	1504.42	1592.28	1743.59	1882.5	1969.45	2094.35	2158.66	2270.69	2293.19	2471.97	2503.24	2561.15	2620.78	2689.84	2797.52
22.7	1075.41	1202.77	1265.04	1334.37	1502.51	1590.56	1742.54	1880.26	1967.6	2090.63	2157.19	2268.83	2290.48	2469.62	2499.31	2556.07	2615.8	2679.82	2783.73
22.8	1074.47	1201.49	1263.58	1332.65	1501.17	1589.11	1741.53	1878.44	1966.5	2088.06	2155.72	2266.66	2288.78	2465.45	2495.37	2552	2610.82	2674.11	2775.35
22.9	1073.5	1199.72	1262.38	1331.66	1499.59	1587.77	1740.79	1877.41	1965.65	2087.7	2154.58	2266.12	2288.28	2464.3	2493.47	2548.4	2605.98	2669.43	2768.67
23	1072.56	1197.94	1261.6	1330.26	1498.01	1586.65	1740.06	1876.96	1964.19	2087.35	2154.25	2264.83	2285.08	2463.11	2491.99	2545.83	2603.87	2664.47	2763.61
23.1	1071.86	1196.17	1260.03	1329.06	1496.58	1585.57	1739.32	1876.23	1963.96	2087	2153.92	2264.58	2284.62	2462.04	2490.5	2544.42	2601.83	2659.51	2758.56
23.2	1070.7	1194.46	1258.62	1328.64	1495.65	1584.59	1738.65	1874.69	1963.14	2087.15	2153.6	2264.18	2285.87	2461.42	2490.02	2543.19	2599.86	2656.69	2753.91
23.3	1070.76	1192.94	1257.89	1326.93	1494.09	1583.62	1738.07	1873.61	1962.3	2086.31	2153.27	2264.26	2284.73	2460.64	2490.02	2542.48	2597.82	2654.69	2750.35
23.4	1070.36	1193.75	1256.1	1327.05	1493.75	1583.12	1737.5	1873.61	1962.36	2086.32	2152.94	2264.42	2285.04	2460.33	2490.02	2542.01	2595.78	2652.68	2746.6
23.5	1070.54	1193.96	1256.11	1325.58	1492.8	1582.57	1736.93	1873.14	1962.99	2087.11	2153.34	2265.49	2286.1	2461.75	2490.02	2541.54	2596.4	2650.68	2743.56
23.6	1069.03	1194.2	1255.79	1327.48	1492.15	1582.47	1736.37	1873.39	1962.66	2087.87	2155.04	2267.28	2288.46	2461.8	2492.1	2541.09	2597.55	2650.48	2742.28
23.7	1069.56	1193.97	1255.26	1324.65	1492.5	1582.44	1736.23	1873.73	1963.2	2088.65	2156.79	2267.92	2289.84	2465.85	2494.39	2543.75	2598.73	2651.06	2744.56
23.8	1068.44	1193.74	1255.44	1325.58	1492.84	1582.47	1737.27	1875.08	1965.28	2089.41	2158.48	2270.34	2290.77	2466.67	2497.52	2546.68	2599.88	2651.63	2747.12
23.9	1068.21	1193.5	1254.04	1324.79	1492.95	1582.75	1738.37	1875.89	1967.48	2090.22	2160.28	2272.39	2293.82	2469.64	2502.67	2549.78	2604.24	2653.87	2750.13
24	1068.15	1193.26	1254.77	1324.24	1493.57	1583.54	1739.48	1877.37	1969.69	2093.64	2163.16	2276.67	2299.4	2473.94	2506.88	2556.37	2609.34	2660.84	2756.45
24.1	1067.43	1193.03	1254.48	1324.25	1493.92	1584.27	1740.55	1879.24	1972.43	2097.19	2167.97	2281.17	2301.43	2478.35	2510.97	2563.19	2616.92	2667.6	2762.86
24.2	1067.47	1192.73	1254.26	1324.68	1494.58	1585.28	1741.59	1880.94	1973.91	2100.65	2172.64	2285.49	2308.96	2486.67	2518.85	2571.61	2626.63	2678.45	2772.49
24.3	1067.53	1192.3	1254.36	1325.01	1495.72	1586.39	1742.28	1883.46	1976.87	2104.65	2177.45	2291.46	2312.23	2494.75	2527.1	2580.28	2637.19	2689.9	2783
24.4	1066.84	1191.85	1254.11	1324.94	1496.05	1587.44	1742.97	1885.15	1979.97	2109.6	2182.41	2297.5	2316.56	2501.63	2541.87	2592.21	2648.23	2706.45	2794.1
24.6	1067.5	1190.96	1253.9	1325.16	1497.5	1588.86	1744.37	1889.65	1984.62	2119.92	2192.12	2310.8	2333.95	2519.96	2560.07	2614.02	2667.81	2730.74	2812.62
24.7	1067.34	1190.54	1253.09	1325.61	1498.13	1589.28	1744.45	1891.17	1986.25	2121.41	2196.47	2315.35	2337.56	2525.81	2561.91	2616.55	2674.69	2734.72	2813.2
24.8	1065.8	1189.77	1252.44	1324.42	1498.74	1589.31	1744.45	1891.61	1987.62	2122.95	2197.78	2317.48	2339.86	2530.56	2561.75	2618.65	2680.86	2732.73	2812.55
24.9	1065.41	1188.38	1251.56	1324.32	1498.05	1588.81	1744.45	1891.63	1988.6	2123.73	2198.27	2318.96	2340.51	2531.28	2561.59	2617.89	2678.59	2728.86	2807.17
25	1063.28	1187.07	1250.24	1323.97	1497.36	1588.34	1744.45	1891	1987.23	2121.96	2197.77	2318.02	2340.59	2530.21	2561.44	2617.15	2674.39	2726.27	2802.11
25.1	1064.79	1184.91	1250.02	1322.33	1496.82	1587.44	1743.35	1890.07	1985.81	2120.85	2197.03	2317.37	2338.78	2524.38	2559.14	2612.51	2668.36	2723.37	2796.82
25.2	1061.89	1184.26	1249.18	1321.46	1495.66	1586.37	1741.78	1888.22	1984.39	2116.14	2195.93	2313.57	2335.5	2522.3	2555.59	2606.38	2662.32	2714.66	2791.31
25.3	1061.09	1182.88	1247.45	1320.3	1494.48	1585.06	1740.21	1886.1	1982.97	2111.65	2193.18	2310.14	2331.99	2518.23	2549.68	2600.42	2656.12	2697.55	2785.8
25.4	1058.22	1181.45	1246.32	1319.92	1493.27	1583.55	1738.59	1884.28	1981.82	2113.5	2190.35	2307.4	2328.88	2512.64	2543.6	2596.17	2650.08	2688.19	2780.13
25.5	1057.08	1180.32	1244.92	1318.25	1492.09	1582.45	1736.93	1883.21	1980.08	2113.5	2188.46	2305.02	2327.58	2510.73	2541.08	2594.39	2647.42	2685.23	2772.27
25.6	1054.5	1178.71	1243.52	1317.11	1491.07	1581.22	1735.31	1881.81	1979.65	2113.5	2188.19	2304.4	2325.96	2509.06	2540.41	2593.45	2645.85	2684.51	2768.38
25.7	1053.74	1177.33	1242.56	1316.35	1490.73	1580.42	1733.65	1880.83	1979.24	2112.96	2187.48	2303.18	2324.67	2508.44	2540.88	2593.45	2646.75	2685.65	2775.4
25.8	1054.6	1175.98	1242.11	1315.75	1490.39	1579.51	1732.04	1880.37	1978.84	2112.37	2187	2303.61	2324.93	2510.93	2542.29	2594.84	2649.33	2688.19	2779.78
25.9	1051.86	1174.94	1241.39	1314.73	1490.06	1579.05	1730.43	1880.38	1978.44	2111.78	2187.02	2304.04	2326.39	2513	2544.61	2598.12	2652.1	2695.75	2778.73
26	1050.56	1174.55	1240.43	1313.76	1489.71	1578.46	1730.28	1879.59	1978.16	2111.17	2188.18	2304.68	2327.07	2515.81	2544.93	2601.51	2655.96	2702.72	2776.76
26.1	1049.57	1172.95	1239.38	1313.24	1489.38	1577.89	1730.28	1879.46	1977.93	2110.58	2188.63	2304.77	2326.8	2514.11	2541.93	2602.65	2661.53	2703.76	2773.98
26.2	1047.59	1171.94	1238.71	1312.62	1489.48	1577.53	1730.28	1878.93	1977.7	2109.98	2186.66	2302.61	2324.55	2510.35	2538.85	2592.87	2654.31	2694.25	2773.72
26.3	1047.16	1170.96	1237.99	1312.08	1489.57	1577.32	1730.28	1878.69	1977.47	2109.39	2186.11	2300.97	2322.74	2504.41	2535.85	2589.68	2644.15	2686.56	2772.12
26.4	1046.35	1170.4	1237.66	1312.06	1489.38	1577.13	1730.28	1878.41	1977.25	2109.28	2184.65	2299.52	2320.59	2504.87	2534.66	2586.69	2642.7	2683.88	2764.72
26.5	1045.58	1170.19	1237.97	1311.48	1489.46	1577.08	1730.28	1877.88	1977.02	2109.28	2183.8	2297.56	2320.49	2503.46	2533.59	2583.04	2640.76	2684.35	2766.51
26.6	1044.78	1169.97	1237.18	1312.08	1489.48	1577.09	1730.28	1878.63	1976.79	2109.28	2183.8	2298.41	2319.43	2504.62	2534.48	2583.26	2642.27	2687.89	2773.69
26.7	1043.8	1169.75	1237.09	1311.46	1489.23	1577.01	1730.28	1879.15	1976.64	2109.28	2183.9	2298.43	2320.34	2504.64	2534.54	2584.01	2643.86	2690.37	2779.08
26.8	1042.8	1169.65	1236.69	1310.68	1489.52	1577.37	1730.28	1878.8	1976.77	2109.28	2183.8	2298.16	2319.75	2504.78	2530.83	2584.49	2646.07	2689.39	2784.09
27	1041.91	1168.97	1236.62	1311.08	1489.23	1577.72	1730.28	1879.49	1977.03	2109.28	2183.8	2298.67	2319.84	2502.86	2529.99	2586.21	2645.7	2684.18	2778.1
27.1	1040.05	1168.36	1236.67	1311.58	1489.23	1577.72	1730.28	1879.41	1977.16	2109.28	2183.05	2296.76	2318.22	2503.32	2529.92	2585.71	2644.35	2684.18	2769.83
27.2	1040.66	1167.75	1235.98	1311.5	1489.84	1577.86	1730.28	1879.79	1977.28	2109.28	2181.32	2295.64	2317.87	2502.02	2530.1	2585.2	2643.24	2684.42	2776.2
27.3	1041.16	1167.15	1236.16	1310.94	1489.23	1577.77	1730.28	1879.13	1977.41	2109.28	2180.02	2294.21	2316.45	2501.08	2530.28	2584.7	2641.81	2684.86	2776.07
27.4	1039.18	1166.54	1236.03	1311.69	1489.23	1577.58	1730.28	1878.66	1977.13	2109.28	2178.72	2292.12	2313.22	2499.16	2528.96	2583	2639	2680.54	2764.29
27.5	1039.54	1165.93	1235.6	1311.32	1489.23	1577.37	1730.28	1878.09	1976.52	2107.07	2176.62	2289.31	2311.4	2493.23	2524.64	2578.91	2633.92	2674.53	2759.18
27.6	1038.97	1165.32	1238.28	1311.08	1489.44	1577.05	1730.28	1877.15	1975.91	2104.64	2173.45	2285.37	2308.17	2487.62	2520.09	2573.27	2628.95	2669.06	2753.08
27.7	1039.12	1165.28	1235.83	1311.1	1489.69	1576.64	1730.28	1876.13	1975.3	2101.67	2170.27	2282	2303.23	2482.54	2515.04	2567.63	2623.98	2663.72	2742.39
27.8	1038.71	1165.54	1235.79	1310.46	1489.04	1576.52	1730.28	1875.45	1974.51	2098.97	2167.19	2279.71	2300.73	2477.49	2510	2561.99	2619	2658.96	2734.44
27.9	1038.53	1165.7	1236.11	1311.33	1489.23	1576.32	1729.97	1874.95	1974.07	2097.96	2165.5	2277.07	2299.46	2473.81	2506.47	2557.89	2614.03	2656.66	2729.14
28	1038.2	1165.86	1235.43	1311.25	1489.23	1576.34	1729.41	1874.69	1973.05	2097.11	2163.81	2275.4	2295.85	2472.06	2503.8	2555.41	2609.06	2654.45	2726.28
28.1	1037.51	1166.02	1236.15	1311.83	1489.23	1576.24	1728.83	1874.29	1971.97	2096.24	2162.08	2274.7	2297.27	2470.11	2501.66	2554.84	2607.77	2653.7	2725.63
28.2	1037.03	1166.18	1236.34	1311.36	1489.23	1576.48	1728.28	1873.18	1970.95	2095.45	2160.44	2272.95	2295.09	2469.87	2499.23	2554.11	2607.34	2652.98	2726.75
28.3	1037.02	1166.33	1236.51	1311.58	1489.23	1576.34	1727.72	1873.47	1969.73	2094.62	2158.83	2271.56	2294.18	2469.86	2497.31	2553.66	2607.63	2652.25	2727.89
28.4	1037.05	1166.49	1236.64	1311.44	1489.01	1576.27	1727.45	1873.01	1968.86	2093.8	2157.21	2269.87	2292.69	2467.28	2495.4	2553.66	2610.22	2653.7	2730.65
28.5	1037.23	1167.1	1237.41	1311.76	1488.78	1576.17	1727.45	1872.2	1967.84	2093	2155.65	2267.78	2290.31	2464.65	2495.48	2553.66	2612.74	2655.67	2741.55
28.6	1037.53	1168.12	1237.33	1311.5	1488.54	1575.82	1727.45	1871.9	1966.79	2091.66	2154.03	2266.36	2289	2465.09	2495.69	2551.6	2614.73	2658.46	2756.48
28.7	1037.3	1169.06	1237.83	1312.34	1488.3	1575.62	1727.45	1871.11	1965.81	2088.95	2152.42	2263.33	2285.61	2460.5	2495.11	2548.36	2611.29	2662.4	2747.44
28.8	1037.93	1170.02	1237.94	1312.45	1488.07	1575.22	1727.45	1869.73	1964.91	2086.32	2150.85	2259.86	2282.34	2456.97	2489.05	2545.21	2608.49	2662.52	2741.72
28.9	1038.93	1170.59	1238.51	1312.8	1487.36	1575.18	1727.93	1868.96	1963.98	2083.6	2149.24	2258.28	2280.22	2453.35	2482.92	2541.66	2607	2661.85	2739.9
29	1038.86	1171.95	1239.08	1313.59	1487.43	1575.35	1728.67	1868.14	1963.08	2080.97	2147.73	2256.39	2278.36	2451.24	2480.55	2539.01	2607	2659.72	2740.49
29.1	1039.94	1172.94	1239.9	1313.91	1487.36	1575.35	1729.43	1868.19	1962.15	2079.49	2146.6	2253.69	2276.33	2447.68	2478.11	2535.87	2604.69	2657.27	2741.36
29.2	1040.69	1174.15	1239.89	1313.9	1487.33	1575.32	1730.17	1867.93	1961.25	2079.06	2145.49	2253.17	2273.27	2447.84	2476	2532.46	2601.05	2654.14	2739.28
29.3	1040.18	1175.43	1241.02	1314.75	1488.19	1575.81	1730.84	1867.61	1960.35	2078.49	2144.39	2251.97	2273.3	2443.67	2474.37	2529.77	2598.43	2652.31	2736.62
29.4	1042.3	1176.75	1242.31	1316	1488.9	1576.9	1731.52	1868.14	1959.73	2078.16	2143.26	2251.26	2272.68	2441.68	2472.69	2527.66	2596.11	2652.9	2733.89
29.5	1045.68	1178.07	1243.37	1317.08	1489.71	1577.8	1732.21	1867.98	1959.91	2077.71	2143.22	2250.53	2270.49	2440.57	2471.44	2526.4	2593.79	2653.12	2731.34
29.6	1045.23	1179.48	1245.17	1318.41	1490.38	1579.18	1728.8	1870.04	1960.09	2078.9	2143.49	2250.31	2272.13	2440.03	2470.55	2524.48	2592.17	2653.35	2731.7
29.8	1051.97	1182.04	1248.53	1321.97	1493.31	1582.44	1731.74	1872.47	1962.11	2081.69	2143.99	2252.08	2273.76	2440.9	2471.58	2523.87	2593.71	2654.68	2741.42
29.9	1052.56	1184.63	1250.74	1323.95	1494.82	1584.5	1734.36	1874.07	1964.81	2083.75	2147.02	2253.83	2273.96	2442.05	2474.4	2527.23	2595.36	2661.82	2749.59
30	1055.56	1187.48	1253.1	1326.68	1497.39	1587.36	1737.11	1877.51	1967.44	2086.08	2149.96	2255.89	2276.88	2448.21	2477.13	2531.61	2599.46	2674	2756.37
30.1	1057.51	1190.41	1255.55	1328.79	1500.13	1589.65	1740.3	1879.86	1970.54	2088.49	2152.99	2259.77	2278.72	2452.02	2480.02	2535.98	2603.54	2686.57	2761.41
30.2	1060.33	1193.34	1258.55	1331.69	1503.17	1592.51	1743.5	1883.4	1972.85	2092.02	2156.02	2263.78	2285.44	2453.1	2482.92	2541.85	2608.56	2697.8	2766.58
30.3	1063.7	1196.28	1260.81	1333.12	1505.85	1595.5	1746.69	1886.76	1976.06	2096.41	2160.07	2267.5	2289.12	2461.07	2493.53	2551.58	2618.9	2707.2	2776.05
30.4	1066.14	1199.21	1263.67	1336.64	1508.86	1599.1	1749.88	1890.73	1980.8	2100.8	2165.22	2272.87	2293.79	2469.65	2507.18	2561.31	2629.24	2717.04	2809.25
30.5	1069.34	1201.39	1267.12	1340.2	1511.97	1602.92	1753.08	1895.5	1985.69	2105.24	2170.37	2279.73	2300.25	2475.55	2520	2574.1	2639.36	2726.02	2839.62
30.6	1072	1203.89	1269.62	1343.22	1514.98	1606.76	1756.24	1901.15	1990.36	2111.14	2175.71	2285.91	2310.28	2484.38	2529.92	2589.65	2649.6	2739.06	2864.74
30.7	1076.33	1206.24	1272.87	1346.69	1518.09	1610.38	1760	1905.74	1995.18	2117.22	2181.21	2292.22	2318.62	2488.61	2539.81	2605.7	2659.94	2759.21	2882.1
30.8	1078.94	1209.27	1275.4	1349.27	1520.97	1613.48	1763.65	1910.57	1998.82	2123.11	2186.55	2301.65	2322.51	2494.71	2547.62	2613.71	2664.9	2766.33	2891.62
30.9	1080.34	1210.84	1278.07	1351.38	1523.84	1616.33	1767.41	1913.17	2002.23	2128.93	2192.05	2308.69	2331.08	2502.11	2554.02	2617.3	2666.58	2767.08	2901.2
31	1083.01	1213.06	1280.05	1353.37	1526.61	1618.92	1771.06	1916.53	2005.53	2133.19	2197.39	2311.9	2334.75	2504.77	2559.42	2621.11	2670.64	2768.81	2907.85
31.1	1084.33	1215.35	1281.94	1355.46	1530.05	1621.1	1774.82	1919.08	2008.94	2137.07	2200.47	2315.87	2338.96	2508.9	2565	2627.14	2679.47	2772.12	2911.61
31.2	1086.81	1217.63	1283.66	1357.1	1531.95	1622.99	1778.46	1921.84	2012.04	2141.97	2203.55	2319.52	2340.83	2516.11	2571.08	2633.33	2692.01	2784.13	2915.38
31.3	1087.8	1219.23	1284.98	1358.46	1532.78	1624.6	1778.46	1923.82	2014.9	2144.05	2206.54	2323.41	2344.26	2520.35	2576.41	2639.23	2701.31	2793.22	2919.03
31.4	1090.53	1219.23	1286.13	1359.43	1534	1625.61	1778.46	1925.22	2017.85	2145.44	2208.72	2326.32	2347.59	2524.8	2577.36	2645.63	2698.12	2792.63	2921.29
31.5	1089.9	1219.23	1286	1359.75	1534.91	1625.97	1778.46	1925.85	2018.66	2146.83	2210.7	2327.35	2348.19	2526.47	2574.91	2647.8	2706.87	2787.82	2915.17
31.6	1090.23	1219.23	1285.98	1359.5	1535.58	1625.55	1777.95	1925.32	2018.66	2144.7	2211.51	2325.55	2346.41	2522.1	2572.46	2643.49	2704.68	2779.4	2897.31
31.8	1089.15	1218.56	1284.08	1357.95	1532.22	1622.55	1774.85	1920.71	2014.25	2134.93	2205.42	2315.27	2334.56	2503.63	2566.05	2637.27	2685.94	2755.3	2872.66
31.9	1088.38	1216.72	1281.98	1356.45	1530.34	1620.14	1773.31	1916.49	2009.33	2128.75	2199.6	2300.72	2325.11	2496.74	2559.05	2625.27	2672.33	2739.42	2857.83
32	1087.21	1214.88	1281.1	1354.29	1527.54	1616.86	1769.22	1911.36	2004.25	2123.02	2194.19	2296.27	2317.51	2487.76	2543.43	2607.69	2658.73	2723.53	2842.07
32.1	1085.4	1213.37	1278.52	1351.98	1524.73	1613.34	1763.85	1906.72	1999.05	2116.39	2188.9	2287.24	2309.61	2480.31	2533.48	2587.17	2645.12	2707.65	2826.32
32.2	1084.33	1210.79	1276.54	1349.11	1521.76	1609.61	1758.48	1900.73	1993.92	2110.21	2183.61	2278.17	2300.96	2470.68	2523.52	2571.7	2631.52	2691.76	2792.37
32.3	1082.6	1208.44	1274.09	1346.3	1518.6	1605.83	1753.12	1896.14	1988.78	2105.03	2178.32	2273.1	2291.85	2461.71	2515.15	2564.93	2617.91	2679.04	2762.49
32.4	1079.64	1206.02	1270.46	1343.03	1515.36	1601.87	1749.06	1891.05	1983.5	2099.87	2172.87	2264.46	2286.24	2452.82	2508.06	2558.35	2603.9	2666.98	2739.75
32.5	1074.72	1203.61	1267.79	1340.05	1512.11	1597.75	1745.04	1886.08	1978.22	2094.71	2167.41	2260.13	2280.41	2445.58	2500.96	2553.41	2589.88	2654.91	2731.26
32.6	1074.84	1201.26	1265.29	1337.25	1508.96	1594.17	1741.14	1881.46	1973.1	2089.7	2162.12	2254.28	2274.75	2432.54	2492	2545.08	2579.01	2644.61	2724.26
32.7	1072.43	1198.84	1262.2	1333.43	1505.71	1590.34	1737.13	1876.24	1967.82	2084.05	2156.67	2245.89	2268.93	2427.75	2482.39	2536.49	2568.86	2634.46	2716.13
32.8	1068.81	1196.42	1259.27	1330.67	1502.39	1586.43	1733.23	1871.96	1963.07	2078.36	2151.38	2241.47	2263.27	2420.35	2478.12	2528.16	2559.02	2624.61	2704.11
32.9	1065.71	1193.3	1255.84	1327.2	1498.5	1582.51	1729.17	1869.2	1957.95	2072.51	2145.93	2231.18	2257.45	2415.02	2467.27	2519.57	2548.87	2614.24	2691.13
33	1064.38	1190.7	1253.11	1324.02	1494.62	1578.74	1724.98	1862.51	1952.65	2066.65	2140.48	2227.4	2251.62	2407.03	2461.89	2510.99	2538.72	2602.86	2680.57
33.1	1062.96	1187.92	1249.98	1321.25	1490.84	1574.95	1720.92	1857.99	1948.27	2061.15	2135.18	2221.47	2246.14	2400.29	2454.08	2502.66	2530.29	2591.82	2676.6
33.2	1061.19	1185.06	1247.88	1319.05	1486.96	1571.25	1716.73	1853.57	1943.36	2055.87	2129.73	2217.22	2240.6	2393.6	2446.53	2495.03	2521.61	2580.45	2661.74
33.3	1057.09	1182.2	1245.14	1315.64	1482.82	1568.08	1712.54	1848.96	1938.45	2050.58	2124.51	2210.28	2235.06	2386.9	2438.7	2488.79	2513.14	2571.56	2649.03
33.4	1055.87	1179.34	1242.35	1313.45	1480.38	1564.84	1708.35	1844.94	1933.54	2045.29	2119.8	2204.33	2229.52	2379.13	2428.63	2482.55	2505.55	2564.04	2643.29
33.5	1054.7	1176.48	1240.03	1310.53	1477.65	1561.36	1704.44	1840.65	1928.23	2040.01	2114.2	2199.88	2223.98	2372.79	2425.54	2476.3	2497.89	2556.77	2635.96
33.6	1052.18	1173.96	1238.24	1309.53	1474.83	1558.33	1702.09	1837.02	1923.58	2034.57	2108.88	2195.38	2218.28	2366.35	2417.31	2462.98	2490.53	2548.81	2623.12
33.7	1047.27	1172.82	1235.91	1306.29	1471.41	1555.76	1699.8	1833.29	1918.89	2029.9	2103.74	2190.49	2212.74	2361.17	2413.35	2456.78	2482.33	2541.39	2613.36
33.8	1047.12	1170.85	1234.01	1304.86	1469.7	1553.25	1697.52	1830.05	1916.51	2027.01	2098.58	2184.96	2207.2	2354.13	2408.01	2446.19	2474.71	2533.8	2603.28
33.9	1048.22	1168.94	1231.86	1302.37	1467.94	1550.92	1695.24	1827.17	1913.5	2023.44	2093.43	2180	2201.72	2344.64	2404.08	2443.11	2469.07	2524.44	2596.35
34	1044.53	1167.7	1231.52	1300.85	1466.18	1548.79	1692.95	1824.16	1910.5	2019.86	2090.24	2175.89	2198.07	2342.21	2400.64	2440.25	2464.07	2514.8	2589.13
34.1	1043.98	1166.19	1228.86	1299.32	1464.42	1546.2	1690.67	1820.83	1907.5	2015.78	2087.47	2170.96	2194.43	2338.59	2395.22	2432.3	2459.07	2507.73	2583.17
34.2	1041.99	1164.56	1226.87	1297.51	1462.24	1544.97	1688.23	1818.3	1905.07	2012.36	2084.7	2167.54	2190.78	2333.24	2390.56	2430.17	2454.89	2504.57	2578.44
34.3	1040.15	1163.08	1225.88	1296.08	1460.91	1542.99	1685.79	1816.05	1901.49	2010.08	2081.93	2165.72	2187.14	2333.15	2386.82	2425.18	2451.53	2501.41	2574.18
34.4	1038.75	1161.52	1224.44	1294.58	1458.74	1542.15	1683.35	1813.41	1898.49	2007.24	2079.16	2161.96	2183.49	2328.11	2383.02	2421.23	2448.06	2498.25	2571.56
34.5	1038.42	1160.36	1223.36	1293.55	1457.39	1539.55	1680.92	1811.08	1895.48	2004.3	2076.4	2158.74	2179.89	2323.44	2379.45	2417.8	2443.51	2495.09	2568.7
34.6	1036.1	1159.16	1221.65	1292.28	1455.58	1537.29	1678.4	1808.03	1892.39	2001.6	2073.25	2154.1	2176.38	2316.62	2374.71	2413.1	2438.83	2489.32	2564.77
34.7	1035	1158.13	1220.88	1290.32	1453.17	1535.4	1675.96	1805.05	1889.94	1998.84	2070.78	2150.85	2172.97	2313.39	2369.82	2407.65	2434.27	2483.49	2559.41
34.8	1033.22	1157	1219	1288.65	1451.27	1533.17	1673.39	1803.44	1886.37	1994.97	2067.93	2146.94	2169.46	2309.32	2363.71	2401.75	2427.86	2477.48	2554.84
34.9	1032.03	1155.93	1218.36	1287.52	1450.41	1530.93	1670.02	1799.32	1883.88	1990.4	2062.98	2142.39	2166.15	2304.33	2358.33	2395.11	2421.45	2470.39	2550.53
35	1032.1	1154.83	1216.55	1284.97	1448.46	1528.58	1666.55	1796.52	1881.08	1985.48	2057.49	2136.52	2160.87	2297.07	2350.09	2387.26	2413.48	2460.66	2533.81
35.2	1029.01	1152.6	1213.15	1282.49	1442.92	1523.62	1660.19	1787.93	1874.9	1975.68	2042.62	2124.23	2149.1	2280.64	2327.29	2371.26	2396.07	2440.97	2513.3
35.3	1028.35	1151.5	1212	1280.44	1440.53	1522.17	1657.59	1784.18	1870.43	1970.66	2033.97	2118.53	2143.68	2276.11	2326.18	2364.04	2387.49	2431.19	2508.07
35.4	1028.48	1150.16	1211.12	1278.82	1438.88	1519.17	1654.98	1780.62	1865.96	1965.5	2024.96	2113.58	2139.2	2270.15	2320.08	2356.19	2381.13	2421.46	2495.1
35.5	1025.7	1148.29	1210.17	1277.22	1437.25	1518.29	1652.07	1779.53	1861.54	1962.86	2022.09	2108.56	2134.71	2263.41	2313.56	2349.33	2375.25	2416.46	2489.15
35.6	1025.27	1146.36	1208.71	1278.5	1435.62	1515.6	1648.88	1776.57	1858.62	1960.22	2019.63	2105.26	2130.9	2258.64	2308.45	2344.28	2369.37	2412.83	2483.45
35.7	1025.18	1145.58	1207.68	1275.68	1434.18	1513.92	1645.7	1774.59	1855.7	1957.59	2017.17	2101.24	2127.37	2255.58	2303.88	2340.18	2365.14	2409.25	2480.87
35.8	1023.96	1145.17	1207.3	1275	1433.4	1512.85	1642.61	1770.4	1852.87	1955.11	2014.78	2098.55	2123.94	2248.61	2301.38	2337.14	2361.8	2405.76	2474.85
35.9	1024.33	1144.74	1207.11	1274.02	1432.58	1511.49	1642.42	1769.6	1849.87	1953.35	2012.25	2095.88	2122	2249.19	2297.32	2333.12	2358.26	2400.32	2470.96
36	1023.75	1144.31	1206.61	1273.44	1431.73	1510.66	1642.42	1767.92	1846.95	1951.64	2009.79	2093.58	2120.11	2244.31	2294.33	2331.42	2355.27	2394.74	2467.45
36.1	1023.63	1143.89	1206.55	1273.27	1430.28	1510	1640.54	1765.7	1844.27	1949.93	2007.33	2091.49	2118.16	2240.38	2291.99	2327.73	2351.86	2390.01	2464.65
36.2	1025.15	1143.25	1206.08	1273.13	1429.56	1509.23	1638.55	1765.38	1842.95	1947.92	2004.86	2089.44	2115.86	2240.15	2289.42	2325.04	2349.76	2386.62	2461.92
36.3	1023.69	1143.06	1205.01	1272.23	1429.19	1508.21	1636.69	1764.09	1841.67	1945.53	2002.45	2087.4	2113.62	2236.76	2286.23	2322.08	2346.7	2383.34	2458.95
36.4	1024.11	1142.96	1204.9	1271.94	1427.65	1507.28	1636.75	1761.88	1840.35	1943.07	1999.97	2084.68	2110.84	2233.87	2282.95	2318.52	2343.38	2379.95	2455.69
36.5	1023	1143.15	1204.42	1272.3	1427.09	1506.47	1636.75	1761.18	1839.03	1940.61	1997.49	2082.62	2107.5	2230.38	2280.01	2315.58	2339.48	2376.57	2452.64
36.6	1023.11	1143.34	1204.21	1270.32	1426.46	1505.71	1636.75	1760.47	1837.71	1938.39	1995	2079.88	2104.17	2227.36	2277.22	2312.86	2336.06	2373.18	2449.24
36.7	1023.59	1143.53	1203.39	1270.65	1425.26	1504.63	1632.7	1757.47	1836.07	1936.09	1992.45	2076.94	2101.06	2224.9	2273.13	2307.96	2332.22	2369.7	2442.92
36.8	1022.79	1143.72	1203.23	1269.5	1423.86	1503.71	1628.89	1755.69	1833.87	1933.11	1990.04	2073.89	2098.33	2219.45	2269.63	2305.05	2328.4	2365.06	2439.6
36.9	1022.91	1143.9	1202.58	1269.24	1422.98	1502.26	1625.52	1753.95	1831.61	1931	1987.56	2070.62	2095.52	2214.35	2265.37	2300.27	2325.06	2360.3	2435.56
37	1022.75	1144.09	1201.91	1268.08	1421.2	1501.34	1626.37	1752.22	1829.34	1927.98	1984.39	2068.23	2092.71	2211.23	2261.8	2296.27	2320.84	2355.47	2432.21
37.1	1022.17	1143.6	1201.06	1269.62	1419.97	1499.7	1627.22	1750.18	1827.07	1925.41	1980.86	2064.93	2090.1	2208.47	2257.23	2292.33	2316.61	2350.63	2424.54
37.2	1021.33	1142.57	1200.3	1266.3	1418.73	1498.18	1628.07	1748.14	1824.8	1922.76	1977.33	2061.77	2087.36	2205.74	2253.06	2288.53	2312.38	2345.8	2422.81
37.3	1020.89	1141.53	1200.26	1266	1417.49	1497	1626.51	1746.54	1822.54	1919.64	1973.79	2059.52	2084.03	2202.42	2249.92	2285.13	2308.16	2341.7	2417.27
37.4	1020.37	1140.5	1199.16	1264.54	1416.26	1495.79	1624.32	1744.39	1820.27	1917.45	1970.26	2055.82	2080.69	2200.06	2246.45	2280.88	2303.93	2337.64	2415.39
37.5	1019.25	1139.49	1197.94	1262.88	1415.03	1494.18	1622.19	1742.46	1818.07	1914.93	1966.83	2052.56	2077.45	2194.58	2244.71	2276.7	2299.83	2333.71	2408.69
37.6	1019.01	1138.46	1195.8	1261.58	1413.72	1492.74	1620	1739.61	1815.46	1912.23	1963.29	2049.23	2073.6	2191.4	2237.99	2272.33	2295.6	2329.65	2405.1
37.7	1018.12	1137.42	1194.71	1260.62	1412.41	1490.65	1617.66	1737.81	1812.57	1909.47	1959.76	2045.79	2069.7	2186.85	2233.1	2268.3	2291.43	2325.6	2399.05
37.8	1017.81	1136.39	1194.06	1258.59	1411.09	1488.96	1615.3	1736.77	1809.67	1906.35	1956.23	2042.16	2065.67	2183.55	2228.81	2263.74	2287.46	2321.54	2395.13
37.9	1016.9	1135.36	1193.46	1258.44	1409.38	1486.96	1613.08	1733.28	1806.76	1903.53	1952.69	2038.85	2062.13	2178.84	2225.18	2258.81	2283.5	2317.26	2389.57
38	1016.25	1134.28	1191.9	1256.6	1407.87	1485.55	1610.65	1731.31	1803.95	1900.25	1949.34	2035.43	2058.79	2175.68	2221.91	2255.8	2279.64	2312.9	2384.93
38.1	1015.1	1133.11	1191.25	1255.19	1406.1	1483.5	1608.62	1727.74	1801.05	1897.68	1946.33	2031.91	2055.48	2172.79	2217.79	2250.78	2275.68	2308.41	2380.72
38.2	1013.71	1131.95	1189.36	1254.19	1404.54	1481.75	1605.93	1725.58	1797.71	1894.65	1943.32	2029.19	2052.17	2172.5	2212.05	2247.02	2271.71	2303.93	2378.07
38.3	1013.55	1130.79	1188.54	1253.62	1403.3	1480.25	1603.57	1723.35	1795.24	1891.95	1940.31	2025.51	2048.86	2164.56	2210.21	2243.94	2267.74	2299.44	2372.17
38.5	1010.45	1128.46	1185.44	1249.61	1400.02	1476.1	1599.78	1718.84	1789.44	1885.81	1934.29	2019.12	2042.36	2158.53	2202.24	2236.02	2259.8	2290.46	2364.53
38.6	1009.42	1127.33	1184.4	1247.77	1398.42	1474.5	1598.04	1716.62	1786.62	1883.28	1931.37	2015.96	2039.38	2153.19	2198.34	2233.54	2255.95	2286.11	2360.9
38.7	1009.54	1126.17	1183.32	1247.11	1396.48	1472.81	1596.25	1713.74	1783.86	1880.3	1928.36	2012.79	2036.31	2148.51	2194.71	2228	2251.61	2281.62	2356.8
38.8	1007.49	1125.01	1181.6	1245.19	1394.74	1470.76	1594.45	1710.98	1781.14	1878.1	1925.35	2009.48	2033.24	2146.3	2192.49	2224.25	2245.47	2277.13	2351.23
38.9	1006.72	1123.85	1180.47	1244.17	1392.99	1468.85	1591.92	1709.36	1778.41	1875.51	1922.34	2006.36	2030.17	2142.28	2187.27	2220.4	2239.55	2272.64	2345.76
39	1004.07	1122.65	1178.92	1242.5	1391.61	1467.33	1589.21	1706.49	1775.6	1872.85	1919.24	2002.86	2027.01	2138.6	2182.5	2216.02	2236.41	2268.51	2341.31
39.1	1004.03	1121.42	1178.48	1241.84	1390.01	1465.25	1586.43	1704.15	1772.71	1869.1	1916.65	1998.96	2024.59	2135.06	2178.42	2211.81	2233.17	2265.01	2336.84
39.2	1004.75	1120.29	1176.57	1241.43	1388.91	1463.02	1585.28	1702.09	1770.06	1865.81	1914.77	1996.61	2021	2131.86	2175.67	2205.82	2230.21	2261.81	2332.24
39.3	1003.62	1119.13	1175.65	1239.52	1387.5	1462.2	1584.63	1699.77	1767.33	1862.53	1912.83	1993.88	2016.91	2128.66	2174.16	2204.82	2227.16	2258.51	2329.02
39.4	1003.15	1118	1175.06	1236.7	1385.66	1460.79	1583.99	1697.98	1764.68	1861.67	1910.94	1991.17	2014.8	2126.29	2171.25	2202.42	2224.2	2255.3	2324.44
39.5	1000.81	1116.87	1173.01	1236.59	1383.43	1459.17	1583.36	1696.36	1762.03	1860.89	1909.06	1989.17	2012.68	2122.85	2166.46	2198.63	2221.23	2252.1	2320.55
39.6	999.88	nan	1172.13	1236.65	1383.24	1458.24	1583.07	nan	1763.45	nan	1908.88	nan	nan	2123.31	2163.9	2196.06	2218.89	2252.89	2318.12
39.7	998.98	1114.49	1171.77	1235.13	1382.38	1457.06	1580.57	1692.95	1763.45	1855.14	1906.26	1985.1	2008.7	2118.09	2162.99	2193.59	2217.22	2250.19	2315.53
39.8	1000	1113.13	1170.74	1234.6	1381.96	1456.25	1579.08	1692	1762.55	1854.1	1903.56	1984.14	2007.2	2116.58	2160.14	2191.89	2214.92	2247.5	2314.19
39.9	998.08	1112.24	1169.67	1233.99	1380.56	1455.29	1576.79	1691.18	1760.69	1852.98	1900.9	1982.24	2006.53	2115.23	2158.34	2190.65	2212.9	2247.63	2312.2
40	997.25	1111.69	1169.53	1233.38	1379.49	1454.63	1578.07	1690.01	1758.94	1851.52	1899.65	1980.32	2005.41	2114.92	2158.32	2189.27	2210.89	2247.76	2310.85
40.1	997.67	1111.53	1169.02	1232.77	1379.55	1453.74	1577.59	1688.64	1758.02	1850.85	1898.4	1980.16	2004.15	2112.66	2156.12	2186.96	2208.87	2247.26	2309.58
40.2	997.1	1110.05	1169.15	1232.51	1378.37	1453.3	1574.32	1688.26	1756.37	1848.8	1897.15	1978.91	2003.33	2114.11	2156.24	2186.41	2206.86	2244.56	2307.94
40.3	995.16	1109.43	1167.86	1232.62	1377.54	1452.22	1572.16	1687.21	1755.67	1847.4	1895.7	1976.86	1999.66	2108.67	2155.11	2185.59	2204.84	2241.86	2306.51
40.4	995.97	1108.72	1167.66	1230.44	1376.82	1451.96	1571.84	1685.73	1754.58	1846.14	1894.69	1975.86	1998.98	2108.03	2151.44	2184.05	2203.93	2239.23	2305.31
40.5	994.81	1108	1167.3	1229.41	1376.09	1451.03	1573.76	1684.59	1753.49	1844.53	1892.78	1974.6	1997.86	2107.37	2149.9	2182.8	2202.99	2237.77	2305.04
40.6	994.89	1107.71	1166.63	1229.07	1375.34	1450.31	1573.76	1685.29	1752.47	1843.92	1890.7	1974.55	1996.91	2107.78	2149.68	2181.52	2202.02	2237.48	2303.51
40.7	995.28	1107.71	1166.71	1228.77	1374.63	1449.75	1576.57	1684.8	1751.92	1843.32	1888.67	1973.57	1997.54	2106.04	2148.84	2180.56	2201.08	2237.19	2302.79
40.8	995.3	1107.71	1166.2	1228.37	1374.34	1449.62	1573.51	1685.12	1751.49	1842.69	1888.9	1972	1996.71	2104.9	2147.7	2179.54	2200.09	2236.89	2301.74
40.9	995.52	1107.71	1165.83	1228.42	1374.06	1448.87	1573	1682.02	1750.76	1842.08	1889.98	1971.15	1994.5	2103.16	2147.18	2178.64	2199.12	2235.78	2300.79
41	993.86	1108.08	1165.05	1228.06	1373.78	1448.35	1573	1681.55	1749.72	1841.99	1891.03	1969.49	1992.85	2103.33	2146.67	2178.02	2198.18	2234.61	2300.04
41.1	993.51	1107.71	1164.77	1228.21	1373.77	1448.27	1573	1681.77	1749.85	1841.6	1891.09	1970.44	1992.53	2103.54	2146.55	2177.89	2198.13	2234.54	2299.98