LON	LAT	x	y	distance (km)	QL_bed	A_basal_unit	QLEDC12590	A_QLEDC14100	QLEDC14850	QLEDC15710	A_QLEDC17670	QLEDC18725	A_QLEDC21170	QLEDC22200	A_QLEDC23240	A_QLEDC24650	A_QLEDC25500	QLEDC26790	QLEDC27040	QLEDC29300	QLLDC_LINE1001_START25870	QLLDC_LINE1001_START26260	A_QLECD31150	A_QLEDC32850	QLLDC_LINE1001_START27750_A
123.358536	-75.102257	1359353.842	-894917.9307	6.3	3235.41	nan	1077.76	1205.5	1268.77	1341.28	1507.53	1595.93	1744.61	1888.28	1976.77	2094.05	2163.99	2274.37	2295.16	2483.67	2524.14	2582.8	2643.14	2705.46	2822.77
123.357979	-75.103317	1359264.766	-894840.3473	6.4	3231.24	nan	1079.14	1204.55	1268.95	1341.28	1507.53	1595.07	1740.29	1886.56	1975.97	2092.18	2162.73	2273.28	2296.01	2483.2	2522.62	2579.75	2642.87	2700.62	2822.51
123.356926	-75.104279	1359192.474	-894756.9505	6.5	3225.96	nan	1077.7	1204.22	1268.44	1341.35	1506.59	1594.02	1746.96	1885.39	1973.96	2090.63	2161.59	2271.88	2293.66	2481.99	2521.26	2576.99	2639.29	2696.26	2817.45
123.355896	-75.105217	1359122.035	-894675.5597	6.6	3224.75	nan	1077.95	1203.23	1267.44	1339.28	1504.29	1592.91	1746.29	1883.84	1971.51	2089.14	2159.32	2270.56	2292.13	2479.66	2519.46	2573.65	2634.83	2692.01	2811.78
123.354828	-75.106178	1359050.065	-894591.874	6.7	3220.11	nan	1076.78	1202.52	1267.71	1338.27	1502.61	1591.76	1744.54	1883.52	1969.29	2087.6	2156.72	2268.79	2290.07	2477.4	2517.52	2569.36	2630.96	2687.65	2807.46
123.353714	-75.107132	1358979.456	-894507.5253	6.8	3194.43	nan	1076.04	1201.79	1266.59	1337.11	1500.86	1590.44	1742.76	1880.22	1967.07	2086.06	2154.12	2266.68	2288.65	2474.26	2515.58	2565.07	2626.4	2683.29	2803.22
123.352722	-75.10807	1358908.417	-894427.0448	6.9	3184.3	nan	1073.77	1200.92	1265.57	1336.57	1498.98	1588.98	1741.03	1878.38	1964.91	2084.34	2151.59	2264.67	2286.34	2471.33	2513.69	2560.89	2622.36	2679.05	2798.96
123.350594	-75.109993	1358764.243	-894259.8239	7.1	3193.15	nan	1072.66	1199.68	1263.51	1333.57	1495.92	1585.74	1737.47	1875.95	1960.46	2078.87	2146.38	2259.4	2280.86	2462.52	2506.89	2552.4	2614.06	2670.32	2790.11
123.349541	-75.110924	1358694.794	-894178.3306	7.2	3191.52	nan	1073.71	1198.99	1262.67	1332.46	1494.79	1584.25	1735.74	1871.67	1958.72	2076.21	2143.85	2256.64	2278.11	2461.15	2503.48	2549.34	2610.16	2666.4	2783.03
123.348541	-75.111893	1358621.01	-894095.7902	7.3	3182.05	nan	1070.71	1197.53	1262.16	1331.21	1493.62	1582.96	1733.96	1869.23	1956.08	2073.6	2141.25	2255.05	2275.9	2457.37	2499.97	2546.18	2606.06	2663.36	2776.81
123.347496	-75.112854	1358548.664	-894012.6713	7.4	3176.06	nan	1071.03	1197.47	1260.69	1330.27	1492.93	1581.34	1732.19	1867.62	1953.86	2071.44	2138.65	2252.33	2273.46	2454.74	2496.46	2543.03	2601.95	2660.32	2772.06
123.34642	-75.113815	1358476.8	-893928.8205	7.5	3157.69	nan	1070.48	1196.62	1258.99	1329.14	1491.28	1579.89	1730.29	1865.79	1952.12	2069.28	2136.79	2250.24	2273.53	2452.43	2492.96	2539.88	2597.85	2657.28	2769.5
123.345375	-75.114777	1358404.357	-893845.6472	7.6	3151.01	nan	1070.99	1195.77	1258.64	1329.16	1490.44	1578.68	1728.29	1863.68	1950.16	2067.12	2135.1	2248.62	2270.07	2450.7	2489.71	2536.73	2595.48	2654.24	2766.93
123.344368	-75.115738	1358331.411	-893763.4384	7.7	3148.32	nan	1068.8	1194.52	1258.66	1326.28	1488.98	1577.65	1726.28	1862.81	1948.08	2064.96	2133.42	2247.92	2268.68	2448.62	2487.79	2533.58	2593.15	2651.21	2764.35
123.345497	-75.117157	1358182.894	-893704.0663	7.8	3151.45	nan	1068.01	1193.68	1255.18	1323.94	1486.81	1574.51	1723.36	1859.02	1945.05	2062.19	2130.95	2243.98	2265.1	2445.75	2484.99	2531.98	2589.76	2646.77	2760.58
123.346786	-75.118599	1358029.763	-893647.085	7.9	3136.6	nan	1068.08	1192.43	1253.77	1323.29	1484.47	1573.07	1720.38	1856.62	1943.22	2059.82	2128.45	2241.21	2262.31	2441.84	2482.14	2530.53	2586.31	2642.25	2756.75
123.347809	-75.120003	1357884.29	-893586.1004	8	3133.66	nan	1066.22	1191.26	1253.11	1322.65	1482.21	1571.42	1717.51	1853.85	1941.6	2057.68	2126.03	2238.13	2260.13	2438.16	2479.39	2529.13	2583.42	2637.93	2754.46
123.348763	-75.121384	1357742.017	-893524.8722	8.1	3130.28	nan	1064.05	1190.23	1251.56	1321.32	1480	1570.18	1716.07	1852.08	1940.09	2056.38	2123.66	2236.19	2258.28	2437.01	2477.64	2527.76	2581.86	2634.77	2752.33
123.349792	-75.122787	1357596.549	-893464.0814	8.2	3126.51	nan	1063.78	1189.19	1250.84	1319.89	1478.08	1568.96	1715.55	1850.29	1938.56	2055.07	2121.54	2234.94	2257.14	2436.29	2477.4	2526.2	2580.13	2634.19	2749.99
123.350533	-75.124123	1357461.754	-893400.5301	8.3	3135.09	nan	1063.91	1187.82	1250.9	1319.11	1477.8	1567.83	1715.05	1849	1937.11	2053.82	2120.9	2234.86	2255.79	2434.46	2477.17	2525.27	2579.39	2633.65	2747.78
123.351791	-75.125572	1357308.477	-893342.3629	8.4	3158.85	nan	1063.12	1187.65	1250.13	1318.54	1477.49	1566.72	1714.51	1848.02	1935.52	2052.46	2120.2	2233.23	2255.54	2434.56	2476.34	2524.25	2579.82	2633.05	2748.47
123.352753	-75.126968	1357164.708	-893280.3962	8.5	3168.07	nan	1062.39	1187.63	1251.1	1319.04	1477.2	1565.94	1713.99	1847.01	1933.99	2051.36	2119.52	2233.28	2254.98	2436.46	2475.47	2523.26	2580.23	2632.47	2750.67
123.353294	-75.128258	1357037.282	-893214.8897	8.6	3175.9	nan	1062.58	1187.63	1249.06	1317.2	1476.92	1564.92	1713.5	1844.68	1932.57	2050.34	2118.89	2231.36	2253.72	2434	2474.62	2522.35	2576.52	2631.94	2748.79
123.354736	-75.129738	1356878.287	-893159.1828	8.7	3178.16	nan	1062.44	1187.63	1247.83	1317.16	1476.61	1563.64	1712.33	1842.87	1930.92	2049.15	2118.16	2230.86	2252.31	2432.72	2473.5	2521.29	2571.13	2630.94	2744.28
123.354065	-75.130791	1356791.618	-893079.3592	8.8	3172.92	nan	1061.67	1187.63	1248.41	1317.32	1476.38	1563.55	1711.4	1843.01	1929.76	2048.32	2117.65	2229.94	2251.64	2431.24	2472.71	2520.55	2571.13	2630.22	2741.24
123.35302	-75.131721	1356722.123	-892998.1497	8.9	3168.55	nan	1061.79	1187.63	1248.32	1316.96	1476.18	1563.04	1710.56	1841.98	1929.02	2047.57	2117.19	2229.74	2251.33	2430.25	2472	2519.88	2571.13	2629.57	2739.5
123.352196	-75.132751	1356639.956	-892916.1049	9	3166.16	nan	1061.28	1187.63	1247.86	1316.28	1475.97	1562.53	1709.65	1841.12	1928.15	2046.69	2117.2	2229.43	2251.34	2431.22	2471.24	2519.22	2571.13	2628.87	2739.14
123.351471	-75.133766	1356557.629	-892837.3173	9.1	3165.01	nan	1060.65	1187.63	1247.82	1316.16	1475.75	1561.8	1708.76	1840.38	1927.51	2045.74	2116.21	2230.17	2251.52	2431.03	2470.93	2518.92	2570.9	2628.18	2738.81
123.350769	-75.134796	1356473.558	-892758.166	9.2	3168.12	nan	1062.14	1187.63	1247.36	1315.75	1475.71	1561.8	1707.85	1839.58	1926.72	2044.77	2115.71	2230.17	2251.83	2431.19	2471.75	2518.62	2571.13	2627.48	2738.48
123.350266	-75.135872	1356382.142	-892680.9355	9.3	3165.34	nan	1060.89	1187.32	1246.88	1314.37	1475.31	1561.14	1707.67	1839.05	1925.81	2043.78	2115.2	2230.41	2252.1	2431.09	2472.59	2518.31	2571.13	2626.85	2737.02
123.349625	-75.136909	1356296.473	-892602.8076	9.4	3164.55	nan	1060.96	1186.64	1246.9	1314.64	1474.96	1560.59	1708.17	1838.96	1925.18	2042.81	2115.29	2230.68	2252.6	2431.91	2473.4	2518.01	2571.35	2626.06	2735.33
123.348572	-75.137871	1356224.138	-892519.4826	9.5	3163.17	nan	1062	1186.01	1246.49	1313.99	1474.89	1560.01	1708.65	1838.11	1925.59	2041.89	2116.63	2230.91	2253.11	2433.39	2474.76	2517.72	2573.46	2626.48	2736.8
123.347076	-75.138718	1356169.309	-892432.656	9.6	3164.9	nan	1061.23	1185.4	1246.19	1313.4	1478.06	1559.94	1709.09	1838.17	1925.57	2042.97	2117.9	2232.58	2253.73	2433.88	2476.27	2517.93	2575.59	2627.77	2740.85
123.342888	-75.139008	1356207.785	-892315.9234	9.7	3146.58	nan	1061.72	1184.6	1247.56	1312.1	1477.08	1560.52	1709.63	1838.61	1926.44	2044.96	2119.43	2234.34	2256.21	2435.34	2478.09	2520.48	2578.21	2629.3	2744.65
123.337746	-75.139069	1356282.233	-892190.5053	9.8	3134.25	nan	1061.84	1183.83	1246.01	1314.22	1475.93	1561.05	1710.26	1840.64	1927.46	2047.28	2121.21	2236.83	2259.15	2437.21	2480.21	2523.45	2579.95	2631.1	2747.84
123.332611	-75.13916	1356353.792	-892063.4263	9.9	3138.3	nan	1060.16	1183.68	1245.78	1316.84	1475.28	1561.05	1710.85	1840.48	1928.49	2049.59	2123.2	2239.74	2262.94	2439.32	2482.33	2526.42	2582	2632.89	2750.79
123.326927	-75.13913	1356445.05	-891930.6856	10	3155.75	nan	1061.05	1183.68	1246.56	1313.84	1475.82	1561.79	1711.49	1841.81	1930.35	2052.15	2126.31	2242.41	2264.63	2443.38	2484.67	2530.02	2584.26	2634.87	2749.08
123.320755	-75.138985	1356554.502	-891793.3575	10.1	3159.67	nan	1063.47	1183.68	1248.34	1314.52	1476.57	1562.86	1712.19	1843.19	1932.25	2056.05	2129.72	2246.18	2267.87	2446.58	2486.59	2534.32	2588.94	2639.88	2751.2
123.314575	-75.138832	1356664.803	-891656.312	10.2	3162.12	nan	1064.15	1183.68	1248.72	1316.08	1478.45	1564.54	1712.9	1845.68	1935.48	2060.09	2133.12	2249.37	2272.12	2450.63	2491.55	2538.62	2593.61	2645.56	2756.95
123.303894	-75.138893	1356825.371	-891399.6903	10.4	3162.59	nan	1065.13	1183.68	1249.49	1317.84	1480.15	1567.62	1715.59	1849.59	1940.69	2067.09	2139.01	2258.41	2280.5	2458.01	2501.35	2546.12	2603.54	2653.83	2767.75
123.299225	-75.139091	1356879.732	-891277.1166	10.5	3168.02	nan	1065.88	1183.68	1249.37	1318.65	1480.91	1568.72	1717.22	1851.3	1943.07	2070.43	2142.17	2262.04	2284.3	2462.99	2507.31	2549.5	2608.38	2657.73	2772.67
123.294525	-75.139244	1356938.717	-891156.5336	10.6	3185.36	nan	1067.98	1184.03	1250.22	1320.1	1481.66	1570.27	1718.85	1853.64	1945.41	2074.04	2145.76	2266.47	2288.86	2469.77	2512.72	2552.87	2613.13	2661.63	2777.97
123.28997	-75.13945	1356990.544	-891036.1687	10.7	3202.72	nan	1066.39	1185.34	1250.95	1319.57	1482.4	1571.44	1720.44	1854.9	1947.87	2077.57	2149.27	2270.24	2293.51	2472.52	2513.81	2556.17	2616.99	2665.44	2783.49
123.285988	-75.139801	1357020.066	-890920.585	10.8	3208.1	nan	1066.68	1186.53	1250.28	1319.59	1483.07	1571.99	1721.88	1856.52	1949.36	2080.78	2152.46	2271.51	2295.07	2474.33	2514.71	2556.94	2617.97	2668.9	2782.91
123.282402	-75.140182	1357040.653	-890812.5628	10.9	3208.78	nan	1066.22	1187.63	1250.41	1319.51	1483.32	1572.38	1722	1857.38	1950.03	2083.08	2155.41	2273.83	2296.68	2475.46	2515.54	2557.64	2617.49	2670.2	2779.96
123.27874	-75.140594	1357059.55	-890700.8631	11	3209.72	nan	1065.88	1187.63	1250.33	1320.15	1483.32	1572.38	1721.43	1858.09	1950.72	2085.33	2157.21	2275.37	2297.67	2475.33	2516.28	2558.37	2615.94	2670.2	2778.21
123.275726	-75.141129	1357057.011	-890597.0606	11.1	3207.53	nan	1065.24	1187.63	1249.73	1319.89	1483.32	1572.12	1720.91	1857.75	1951.35	2087.39	2158.13	2275.39	2299.06	2477.24	2516.92	2559.04	2614.43	2670.2	2776.69
123.272606	-75.141632	1357059.067	-890492.6888	11.2	3202.75	nan	1065.35	1187.63	1249.13	1318.76	1483.32	1571.91	1720.39	1858.15	1951.99	2088.15	2159.05	2276.17	2298.38	2476.54	2517.56	2559.4	2612.91	2670.2	2775.18
123.269615	-75.142181	1357054.864	-890388.5883	11.3	3191.98	nan	1064.56	1186.95	1248.6	1317.73	1483.32	1571.73	1719.87	1858.11	1952.59	2087.2	2159.97	2277.41	2298.96	2476.25	2518.2	2560.3	2614.22	2668.94	2775.35
123.266731	-75.142731	1357048.899	-890286.9644	11.4	3180.22	nan	1063.01	1186.03	1247.51	1317.36	1483.32	1571.1	1719.36	1857.9	1952.72	2086.95	2160.6	2276.56	2299.15	2476.37	2518.59	2561.02	2616.12	2667.22	2775.58
123.26342	-75.143196	1357057.41	-890180.3782	11.5	3181.6	nan	1062.03	1185.05	1246.67	1317.08	1483.32	1571.22	1718.94	1858.05	1952.86	2086.97	2160.88	2277.85	2299.37	2476.27	2518.02	2561.55	2615.91	2665.4	2773.54
123.260368	-75.14373	1357055.518	-890075.7497	11.6	3185.86	nan	1060.69	1184.1	1246.87	1316	1483.72	1570.58	1718.94	1858.26	1953	2087.56	2161.15	2277.6	2299.29	2476.55	2517.48	2561.81	2615.53	2663.63	2767.04
123.257256	-75.144226	1357058.059	-889972.004	11.7	3180.81	nan	1059.76	1183.15	1245.3	1314.97	1483.32	1570.13	1718.94	1858.25	1953.14	2088.15	2161.42	2277.24	2298.78	2474.82	2516.93	2562.07	2615.15	2661.86	2761.22
123.254257	-75.144775	1357053.945	-889867.7279	11.8	3167.99	nan	1057.8	1182.21	1244.07	1314.39	1483.32	1569.64	1718.94	1857.84	1953.27	2088.57	2161.69	2277.14	2298.54	2474.22	2516.39	2562.33	2612.43	2660.09	2756.89
123.251213	-75.145309	1357051.907	-889763.297	11.9	3150.17	nan	1058.21	1181.26	1243.44	1313.42	1482.28	1569.27	1718.59	1857.72	1953.41	2089.24	2161.96	2276.97	2298.17	2472.35	2513.76	2562.59	2610.11	2658.33	2753.48
123.248077	-75.145805	1357054.8	-889658.9905	12	3140.44	nan	1057.39	1180.31	1242.51	1313.2	1482.29	1569.25	1717.99	1857.94	1954.29	2089.91	2162.23	2276.45	2298.41	2470.84	2511.02	2562.85	2609.58	2656.56	2750.39
123.244774	-75.146271	1357063.048	-889552.547	12.1	3132	nan	1054.74	1179.13	1242.49	1312.56	1481.7	1569.49	1717.38	1858.01	1955.13	2090.44	2162.85	2277.87	2301.14	2471.3	2509.92	2563.11	2610.67	2656.41	2750.48
123.241478	-75.146751	1357069.888	-889445.424	12.2	3126.04	nan	1055.29	1178.91	1241.64	1312.63	1481.12	1569.46	1716.77	1859.62	1956.11	2090.92	2164.35	2279.11	2301	2471.03	2509.92	2564.06	2611.71	2656.41	2750.77
123.238792	-75.147362	1357055.152	-889344.8222	12.3	3124.92	nan	1054.64	1178.19	1240.62	1311.65	1480.54	1569.47	1716.18	1859.15	1957.2	2091.39	2165.81	2279.99	2300.93	2472	2509.92	2565.14	2612.57	2657.85	2753.48
123.237495	-75.1483	1356988.65	-889257.3301	12.4	3131.04	nan	1053.88	1177.43	1240.24	1311.63	1479.94	1568.83	1716.37	1860.22	1958.91	2091.89	2167.36	2279.7	2301.65	2473.12	2510.3	2565.82	2613.56	2660.29	2756.99
123.236534	-75.149323	1356909.08	-889172.6545	12.5	3143.71	nan	1052.54	1176.63	1239.18	1311.17	1479.3	1568.32	1716.68	1860.34	1960.81	2093.54	2168.98	2281.32	2302.52	2473.57	2511.36	2566.31	2614.6	2662.85	2760.68
123.235237	-75.150261	1356842.573	-889085.1693	12.6	3158.73	nan	1050.93	1175.87	1238.13	1309.43	1478.7	1568.31	1716.97	1860.7	1962.44	2095.59	2170.78	2283.23	2304.28	2475.75	2512.36	2567.32	2615.59	2665.28	2761.91
123.233559	-75.1511	1356791.118	-888994.6569	12.7	3161.45	nan	1050.7	1175.15	1237.55	1308.62	1478.13	1568.59	1717.24	1862.17	1964.06	2097.53	2172.8	2283.97	2306.11	2475.41	2513.31	2567.05	2616.73	2667.59	2761.42
123.231628	-75.151871	1356749.865	-888902.2724	12.8	3161.09	nan	1049.74	1174.46	1237.22	1309.24	1479.46	1568.97	1717.51	1863.39	1965.64	2099.44	2174.97	2285.48	2308.47	2476.18	2514.23	2567.43	2618.24	2669.82	2763.29
123.229683	-75.152672	1356706.053	-888807.7449	12.9	3165.36	nan	1049.65	1173.74	1236.67	1308.9	1480.82	1569.74	1717.96	1865.12	1966.93	2101.76	2176.82	2287.92	2309.69	2477.9	2515.18	2567.69	2619.49	2672.12	2766.15
123.227737	-75.153442	1356665.116	-888715.0736	13	3174.71	nan	1049.02	1173.04	1236.9	1309.08	1482.21	1570.24	1717.84	1866.58	1968.87	2104.01	2178.64	2289.24	2312.58	2479.71	2517.96	2567.95	2620.84	2674.36	2769.09
123.225784	-75.154243	1356621.419	-888620.3647	13.1	3175.95	nan	1048.83	1172.32	1237.11	1308.7	1483.26	1571.36	1719.06	1868.67	1970.85	2106.33	2181.3	2292.48	2313.2	2481.85	2520.53	2568.21	2622.24	2676.54	2772.11
123.223839	-75.155045	1356577.501	-888525.7889	13.2	3177.46	nan	1048.12	1172.23	1236.3	1308.83	1484.88	1572.16	1720.41	1870.21	1972.84	2108.64	2182.89	2294.87	2316.83	2483.06	2522.97	2568.47	2623.64	2677.99	2775.1
123.221893	-75.155815	1356536.55	-888433.1295	13.3	3179.47	nan	1048.3	1172.43	1236.26	1309.52	1486.2	1573.46	1721.58	1872.14	1974.77	2110.89	2184.83	2296.79	2319.22	2485.35	2525.01	2569.92	2624.82	2679.41	2777.46
123.219887	-75.156609	1356494.307	-888337.6015	13.4	3181.26	nan	1046.7	1172.32	1236.4	1309.6	1487.57	1574.06	1723.06	1874.28	1976.76	2113.21	2186.83	2298.44	2321.66	2485.92	2527.11	2571.45	2625.84	2680.86	2779.9
123.217926	-75.15741	1356450.715	-888242.7195	13.5	3182.7	nan	1047.25	1173.37	1237	1310.18	1488.85	1574.67	1724.41	1875.52	1978.75	2115.52	2188.76	2300.24	2323.54	2489.3	2527.72	2572.98	2626.86	2682.31	2780.83
123.216057	-75.158218	1356405.046	-888149.5963	13.6	3178.61	nan	1046.36	1173.84	1236.51	1310.46	1489.92	1575.74	1725.75	1877.65	1980.74	2117.12	2189.99	2302.49	2325.05	2491.06	2528.01	2574.51	2627.88	2684.23	2777.68
123.214073	-75.159019	1356361.801	-888054.178	13.7	3163.89	nan	1048.75	1174.31	1236.98	1310.47	1491	1576.87	1727.1	1879.24	1983.25	2118.73	2191.22	2303.19	2326.03	2492.21	2528.3	2576.04	2628.77	2685.22	2773.95
123.212234	-75.159836	1356314.826	-887961.2287	13.8	3153.19	nan	1046.62	1174.78	1237.9	1311.02	1492.08	1577.88	1728.86	1880.29	1984.71	2120.34	2192.45	2304.42	2325.41	2492.5	2528.59	2577.38	2629.66	2686.68	2772.11
123.210457	-75.16066	1356266.239	-887869.3276	13.9	3149.67	nan	1046.3	1175.25	1237.2	1311.41	1493.15	1579.19	1730.77	1882.06	1986.7	2121.94	2193.68	2306.05	2325.94	2493.75	2530.99	2577.99	2630.56	2688.13	2773.54
123.208557	-75.161469	1356220.94	-887775.4262	14	3149.47	nan	1045.79	1175.72	1237.98	1312.23	1494.23	1580.24	1732.68	1884.25	1988.69	2123.55	2194.91	2307.63	2328.08	2495.58	2535.18	2578.6	2632.02	2689.58	2781.18
123.206635	-75.162277	1356176.069	-887681.0685	14.1	3148.99	nan	1045.53	1176.19	1238.11	1313.51	1495.31	1581.78	1734.59	1886.85	1990.97	2126.04	2196.14	2310.33	2331.5	2499.35	2540.61	2580.53	2636.25	2691.04	2790.45
123.20472	-75.163086	1356130.993	-887586.8202	14.2	3149.87	nan	1045.51	1176.66	1239.14	1314.3	1496.38	1583.64	1736.49	1889.44	1993.46	2129.59	2199.35	2312.38	2334.4	2502.75	2547.57	2585.36	2640.96	2700.15	2802.5
123.202744	-75.163879	1356088.335	-887492.0997	14.3	3156.69	nan	1045.08	1177.09	1239.6	1314.95	1497.37	1585.43	1738.4	1892.54	1995.94	2133.13	2203.15	2317.45	2341.1	2507.54	2554.71	2590.18	2647.64	2715.02	2815.62
123.200806	-75.164688	1356043.605	-887397.3152	14.4	3166.93	nan	1046.98	1177.09	1240.48	1315.81	1498.68	1587.3	1740.11	1895.39	1998.42	2136.68	2206.95	2321	2342.68	2513.84	2561.12	2597.62	2659.05	2729.88	2828.74
123.198898	-75.165497	1355998.407	-887303.2448	14.5	3177.82	nan	1047	1177.17	1241.15	1316.7	1500.03	1589.02	1741.78	1898.36	2000.91	2139.73	2210.75	2325.36	2347.18	2519.55	2563.9	2608.99	2670.45	2744.74	2841.86
123.197037	-75.166313	1355951.829	-887209.8676	14.6	3191.66	nan	1046.74	1177.09	1241.6	1317.61	1501.59	1590.35	1743.44	1900.64	2003.39	2142.72	2214.54	2329.44	2351.39	2525.48	2563.32	2620.36	2680.48	2752.05	2854.99
123.195229	-75.16713	1355904.333	-887117.6883	14.7	3206.32	nan	1046.08	1177.09	1242.2	1318.09	1503.1	1591.69	1745.1	1902.52	2005.88	2145.52	2215.8	2329.01	2352.24	2525.46	2557.74	2617.84	2674.01	2754.27	2856.77
123.193413	-75.167953	1355856.403	-887024.9609	14.8	3203.19	nan	1046.26	1177.09	1242.63	1319.33	1503.44	1592.6	1746.76	1903.34	2008.36	2144.68	2216.81	2326.26	2349.63	2520.17	2554.79	2611.2	2665.67	2750.45	2845.28
123.191505	-75.168762	1355811.186	-886930.9068	14.9	3166.82	nan	1046.58	1177.09	1243.04	1319.4	1504.87	1593.39	1747.68	1903.5	2007.97	2143.09	2214.48	2323.53	2346.58	2516.64	2551.85	2604.57	2657.32	2737.4	2833.78
123.189537	-75.169556	1355768.279	-886836.3436	15	3106.3	nan	1046.12	1177.09	1242.64	1320.17	1505.72	1594.08	1748.25	1903.84	2007.59	2141.22	2212.21	2320.72	2341.21	2512.14	2548.9	2600.85	2652.12	2727.47	2821.37
123.187096	-75.170227	1355744.054	-886738.0267	15.1	3072.64	nan	1046.93	1177.09	1244.14	1321.06	1506.5	1595.31	1748.8	1904.34	2007.49	2139.2	2209.98	2318.5	2341.07	2509.82	2546.04	2597.7	2647.61	2724.44	2816.11
123.184395	-75.170815	1355731.517	-886638.5776	15.2	3062.03	nan	1047.67	1177.09	1244.65	1322.05	1507.27	1596.32	1749.35	1904.75	2006.8	2137.19	2207.75	2317.02	2339.23	2507.45	2544.75	2595.72	2644.01	2721.42	2812.09
123.181938	-75.171448	1355711.039	-886542.1857	15.3	3057.26	nan	1048.07	1177.09	1245.32	1323.03	1508.78	1597.61	1749.89	1905.63	2007.15	2136.66	2205.58	2315.66	2336.12	2506.27	2544.33	2594.42	2643.93	2718.48	2809.53
123.179306	-75.172073	1355694.003	-886442.1399	15.4	3056.73	nan	1048.09	1177.39	1246.61	1324.78	1510.79	1599.09	1750.74	1906.34	2008.75	2136.28	2203.35	2313.92	2334.38	2504.2	2543.89	2593.08	2643.84	2715.45	2806.89
123.17691	-75.172737	1355669.705	-886345.3251	15.5	3060.19	nan	1048.72	1179.64	1248.4	1325.83	1512.12	1600.22	1751.78	1907.21	2009.7	2135.89	2203.6	2313.5	2335.57	2502.94	2544.56	2594.34	2644.38	2716.19	2807
123.173187	-75.173035	1355699.753	-886239.2292	15.6	3066.95	nan	1050.57	1181.36	1249.11	1328.48	1515.11	1602.97	1752.92	1909.88	2011.08	2135.46	2204.04	2313.79	2336.28	2503.08	2546.21	2595.7	2647.62	2718.45	2811.57
123.169067	-75.173264	1355742.311	-886127.9077	15.7	3075.11	nan	1051.57	1183.23	1253.27	1331.11	1517.92	1606.26	1756.29	1912.62	2013.24	2137.27	2205.7	2315.46	2335.94	2505.25	2549.35	2597.76	2651.38	2720.91	2817.68
123.164925	-75.17347	1355787.327	-886017.4534	15.8	3072.28	nan	1053.25	1185.12	1254.52	1334.16	1521.11	1609.5	1759.71	1915.94	2015.98	2141.83	2207.87	2316.95	2339.44	2507.72	2552.49	2600.68	2655.56	2724.12	2824.51
123.160919	-75.173698	1355828.196	-885908.8867	15.9	3067.37	nan	1054.33	1187.65	1257.16	1337.23	1524.37	1612.82	1763.04	1919.1	2018.18	2144.51	2209.98	2317.77	2339.23	2509.88	2555.55	2603.53	2659.63	2728.27	2831.62
123.156944	-75.173965	1355864.973	-885798.6969	16	3069.42	nan	1057.2	1190.17	1260.05	1340.39	1527.57	1616.39	1766.38	1922.01	2021.42	2146.93	2212.1	2319.51	2340.7	2511.41	2558.39	2606.38	2663.71	2732.41	2835.78
123.153282	-75.174309	1355889.785	-885691.2638	16.1	3075.83	nan	1058.1	1192.57	1262.72	1343.11	1530.67	1619.58	1769.17	1925.55	2024.01	2148.82	2214.1	2321.55	2341.81	2511.72	2560.35	2609.08	2668.54	2736.34	2837.97
123.149445	-75.174606	1355921.638	-885582.5275	16.2	3077.74	nan	1060.51	1195.03	1266.94	1346.42	1533.72	1623.16	1772.79	1929.15	2026.66	2151.5	2216.16	2324.02	2344.32	2516.09	2562.36	2611.86	2673.92	2740.38	2840.22
123.146111	-75.175011	1355935.725	-885479.1745	16.3	3078.96	nan	1062.84	1197.3	1268.75	1349.22	1536.88	1626.12	1775.58	1931.64	2029.11	2152.76	2217.93	2324.88	2344.69	2516.7	2564.22	2614.42	2678.88	2744.1	2842.29
123.142654	-75.175407	1355952.537	-885373.4553	16.4	3083.16	nan	1064.78	1199.63	1271.84	1351.86	1539.94	1629.05	1778.45	1934.17	2031.73	2154.04	2219.02	2326.29	2347.82	2519.71	2566.13	2617.05	2683.98	2747.92	2848.82
123.138832	-75.17572	1355982.655	-885264.1091	16.5	3103.56	nan	1066.39	1201.83	1275.53	1355.74	1543.05	1633.13	1781.48	1937.76	2033.61	2155.4	2220.06	2329.4	2349.88	2522.22	2568.14	2622.17	2689.37	2752.22	2855.04
123.135345	-75.176102	1356001.209	-885158.5267	16.6	3104.61	nan	1068.54	1203.69	1278.01	1359.29	1546.23	1635.99	1784.68	1940.51	2035.23	2156.69	2221.87	2330.65	2351.34	2524.51	2570.05	2625.48	2694.47	2756.34	2859.18
123.132446	-75.176636	1355996.617	-885057.6881	16.7	3107.59	nan	1070.29	1205.45	1280.07	1360.54	1549.09	1638.43	1786.78	1942.31	2036.77	2157.91	2222.29	2332.27	2352.36	2526.71	2571.85	2629.16	2699.29	2761.53	2863.1
123.13205	-75.177795	1355895.567	-884978.3694	16.8	3119.33	nan	1070.07	1207.78	1280.66	1361.16	1547.83	1638.06	1790.64	1941.71	2038.72	2158.9	2223.65	2330.95	2351.27	2528.46	2574.62	2634.03	2705.66	2768.41	2868.28
123.129784	-75.17849	1355866.302	-884882.8029	16.9	3143.16	nan	1072.02	1209.59	1282.7	1363.17	1548.19	1640.49	1793.2	1943.7	2039.98	2159.32	2224.71	2333.19	2354.47	2530.57	2576.9	2637.82	2710.62	2773.75	2883.75
123.126961	-75.179054	1355857.746	-884781.9643	17	3143.84	nan	1073.77	1211.35	1285.11	1364.94	1550.34	1642.78	1795.11	1945.42	2041.21	2159.73	2225.74	2334.34	2356.55	2532.73	2578.53	2640.53	2713.77	2779.51	2897.7
123.124161	-75.179626	1355848.088	-884681.1902	17.1	3143.73	nan	1075.09	1213.3	1286.71	1368.65	1552.48	1644.85	1797.03	1947.66	2042.36	2160.14	2226.87	2334.92	2355.77	2533.24	2579.62	2640.53	2714.52	2784.14	2903.46
123.121475	-75.180199	1355836.572	-884583.0566	17.2	3143.17	nan	1079.03	1215.68	1289.71	1370.25	1554.56	1646.91	1798.89	1949.06	2043.47	2161.39	2228.32	2335.86	2356.72	2532.61	2580.5	2640.53	2714.52	2789.18	2909.06
123.118904	-75.18084	1355816.985	-884483.545	17.3	3147.94	nan	1079.16	1218.52	1292.36	1372.16	1556.71	1648.94	1800.81	1950.34	2044.85	2164.24	2229.82	2336.9	2357.04	2535.8	2581.97	2640.86	2714.42	2794.37	2914.82
123.116325	-75.181435	1355801.77	-884386.6226	17.4	3158.22	nan	1080.46	1220.54	1293.69	1373.95	1558.79	1650.42	1802.67	1952.02	2046.04	2167	2231.27	2338.8	2358.38	2537.73	2587.21	2643.07	2716.72	2799.93	2919.83
123.113724	-75.182068	1355783.374	-884286.8907	17.5	3170.49	nan	1082.48	1223	1295.79	1376.34	1560.47	1652.35	1804.28	1953.77	2047.26	2169.84	2232.76	2340.28	2359.99	2540.33	2592.36	2645.33	2721.49	2806.63	2926.43
123.111122	-75.182693	1355765.728	-884187.6212	17.6	3174.7	nan	1082.37	1225.46	1297.25	1377.11	1561.84	1653.58	1805.23	1954.85	2047.71	2170.92	2234.25	2342.21	2362.48	2542.46	2596.72	2649.46	2727.15	2813.15	2933.02
123.108421	-75.183258	1355755.152	-884089.6313	17.7	3187.96	nan	1085.25	1227.35	1298.85	1379.41	1563.42	1654.71	1806.15	1956.28	2049.17	2170.07	2235.7	2344.64	2365.81	2548.53	2600.06	2654.24	2733.51	2819.23	2939.42
123.105682	-75.183853	1355742.381	-883988.936	17.8	3229.11	nan	1087.73	1227.84	1300.76	1379.47	1563.47	1655.46	1807.1	1956.72	2049.05	2169.98	2235.24	2345.61	2366.31	2550.99	2600.31	2657.01	2734.29	2817.04	2945.83
123.10302	-75.184464	1355726.937	-883889.1012	17.9	3260.96	nan	1086.49	1228.42	1300.78	1379.62	1563.23	1655.31	1808.05	1955.9	2047.89	2168.63	2233.8	2344.48	2365.01	2551.07	2600.55	2657.67	2730.87	2812.67	2952.61
123.100372	-75.185043	1355714.23	-883791.5305	18	3265.53	nan	1087.41	1229.43	1301.11	1379.99	1562.6	1654.67	1808.97	1954.61	2046.24	2165.51	2229.56	2341.49	2362.39	2547.97	2595.24	2652.94	2723.44	2800.22	2957.49
123.09758	-75.185623	1355703.645	-883690.4954	18.1	3270.61	nan	1085.94	1229.27	1300.63	1382.13	1561.47	1653.22	1808.56	1951.2	2043.63	2162.09	2223.76	2337.15	2356.25	2541.03	2586.52	2644.19	2715.77	2787.39	2962.41
123.094872	-75.186226	1355689.631	-883590.0644	18.2	3260.07	nan	1085.2	1229.7	1300.21	1378.53	1560.34	1651.31	1804.91	1948.01	2039.18	2156.61	2217.96	2329.66	2348.39	2533.25	2577.79	2633.05	2704.83	2774.56	2957.9
123.092438	-75.186859	1355668.61	-883494.3112	18.3	3251.1	nan	1087.22	1228.05	1299.6	1377.35	1558.97	1648.77	1801.37	1944.73	2034.86	2151.44	2212.33	2323.71	2342.83	2524.47	2569.32	2623.5	2694.37	2762.11	2950.22
123.089806	-75.187485	1355651.284	-883394.2987	18.4	3243.23	nan	1086.44	1227.08	1298.57	1375.92	1555.9	1646.13	1797.72	1940.4	2029.6	2145.65	2206.52	2316.73	2338.23	2517	2560.59	2613.85	2683.27	2750.14	2938.65
123.087212	-75.18808	1355636.234	-883297.0574	18.5	3235.98	nan	1086.58	1225.66	1296.97	1373.88	1552.93	1643.14	1794.23	1935.77	2024.33	2139.96	2200.89	2311.04	2329.45	2511	2552.12	2604.47	2672.65	2737.61	2925.88
123.084641	-75.188713	1355617.308	-883198.073	18.6	3229.72	nan	1084.73	1224.19	1295.68	1371.82	1549.74	1639.67	1790.74	1930.97	2019.2	2134.13	2195.09	2304.01	2323.17	2499.62	2543.4	2596.75	2661.82	2725.27	2910.58
123.082253	-75.1894	1355590.559	-883100.1675	18.7	3207.12	nan	1084.31	1222.72	1293.79	1369.94	1545.51	1636.23	1787.25	1926.27	2014.29	2128.29	2189.28	2296.37	2316.36	2491.27	2534.67	2589.21	2651.2	2712.92	2891.15
123.079582	-75.189972	1355578.806	-883002.5006	18.8	3178.57	nan	1083.67	1221.61	1291.77	1367.84	1542.87	1633.03	1783.86	1921.52	2008.75	2122.62	2183.65	2289.95	2310.96	2482.79	2526.2	2581.89	2640.9	2700.94	2869.34
123.077011	-75.190605	1355559.861	-882903.5268	18.9	3157.48	nan	1082.52	1219.83	1290.12	1365.19	1538.76	1629.39	1780.48	1919.12	2003.82	2118.12	2177.85	2282.36	2302.49	2474.99	2517.47	2574.35	2630.28	2692	2842.24
123.074333	-75.191216	1355544.595	-882803.3507	19	3122.42	nan	1082.04	1218.67	1288.14	1363.42	1536.3	1626.45	1777.41	1912.48	1999.36	2113.61	2172.05	2276.1	2295.94	2467.5	2508.75	2566.81	2619.66	2685.07	2819.5
123.071808	-75.191833	1355526.41	-882706.4362	19.1	3086.35	nan	1082.74	1218.14	1286.76	1361.44	1534.12	1623.37	1774.42	1907.94	1995.02	2109.11	2166.41	2272.62	2287.31	2465.03	2500.97	2559.5	2611.67	2682.29	2800.07
123.069153	-75.192444	1355510.777	-882606.8111	19.2	3074.52	nan	1079.85	1216.79	1285.35	1359.54	1531.88	1620.58	1771.35	1906.82	1990.56	2103.89	2161.17	2267.84	2285.56	2456.44	2492.96	2554.35	2608.23	2679.41	2788.08
123.066292	-75.193001	1355503.308	-882505.5689	19.3	3062.99	nan	1078.91	1215.84	1283.95	1358.04	1529.42	1618.13	1768.27	1904.47	1986.1	2098.67	2159.14	2263.41	2281.79	2453.24	2486.97	2550.19	2604.8	2676.54	2781.38
123.063271	-75.193497	1355503.94	-882404.2189	19.4	3056.02	nan	1082.59	1215.34	1283.64	1356.75	1526.95	1615.97	1765.2	1899.22	1982.86	2095.59	2157.11	2260.66	2278.8	2451.24	2481.82	2541.45	2602.08	2673.67	2779.39
123.060623	-75.194107	1355488.273	-882304.8292	19.5	3049.05	nan	1081.47	1215.03	1282.04	1355.59	1524.64	1614.3	1763.23	1896.87	1981.38	2093.16	2155.09	2259	2275.73	2449.79	2480.01	2538.19	2600.67	2671.78	2778.7
123.058411	-75.194824	1355455.984	-882209.3129	19.6	3042.78	nan	1078.94	1214.82	1281.4	1353.89	1522.38	1612.55	1761.68	1898.59	1979.85	2091.33	2153	2256.83	2274.71	2448.5	2479.95	2534.83	2600.08	2671.26	2779.23
123.055634	-75.195404	1355445.067	-882108.6853	19.7	3037.28	nan	1079.03	1214.57	1280.86	1353.23	1521.54	1611.56	1760.17	1893.96	1978.37	2088.48	2152.04	2255.19	2275.01	2448.04	2480.58	2534.71	2599.1	2670.75	2782.44
123.052765	-75.195953	1355438.429	-882007.7513	19.8	3035.66	nan	1082.56	1214.32	1280.57	1353.34	1520.79	1610.95	1758.67	1893.16	1978.33	2089.03	2152.79	2255.6	2274.74	2447.92	2482.07	2536.1	2598.36	2670.25	2786.27
123.049812	-75.196472	1355435.853	-881906.6395	19.9	3038.07	nan	1078.46	1213.73	1280.79	1352.41	1519.99	1610.57	1758.62	1893.11	1977.97	2089.57	2153.51	2256.1	2274.94	2449.7	2483.76	2537.55	2601.84	2672.81	2791.67
123.044289	-75.197601	1355416.365	-881708.0055	20.1	3049.73	nan	1079.18	1214.26	1280.74	1352.53	1519.9	1610.42	1758.62	1893.07	1978.37	2091.31	2155	2258.75	2278.28	2454.75	2489.79	2542.67	2609.25	2683.93	2807.06
123.04113	-75.19809	1355419.716	-881603.8349	20.2	3060.45	nan	1079.81	1214.45	1281	1353.27	1519.93	1610.29	1758.62	1894.99	1979.79	2092.28	2155.94	2261	2280.15	2457.89	2493.9	2547.54	2614.02	2690.65	2820.59
123.038246	-75.198631	1355414.015	-881503.0419	20.3	3083.78	nan	1081.77	1214.64	1281.1	1352.51	1520.13	1610.73	1758.62	1896.79	1981.59	2094.36	2157.68	2262.87	2281.73	2461.59	2498.2	2553.01	2619.06	2699.11	2841.17
123.035126	-75.199135	1355415.363	-881398.8959	20.4	3125.79	nan	1083.72	1214.83	1281.01	1352.89	1519.64	1610.82	1760.17	1895.62	1982.42	2096.14	2158.91	2265.62	2287.16	2465.98	2502.64	2559.51	2624.24	2706.52	2865.69
123.032166	-75.199654	1355412.854	-881297.6347	20.5	3145.5	nan	1083.21	1215.02	1281.34	1352.37	1519.64	1610.84	1761.46	1896.31	1983.97	2098.95	2161.2	2268.4	2288.02	2470.3	2506.45	2565.14	2629.32	2712.24	2889.43
123.026474	-75.200768	1355397.275	-881095.9404	20.6	3183.7	nan	1082.15	1214.84	1281.45	1352.2	1518.59	1609.9	1761	1895.7	1981.83	2101	2160.26	2269.84	2290.93	2474.78	2506.97	2566.88	2635.23	2709.09	2867.77
123.023605	-75.201317	1355390.57	-880995.0351	20.7	3174.42	nan	1082.98	1214.17	1280.53	1351.04	1518.08	1608.92	1759.61	1894.89	1980.49	2098.01	2158.54	2268.3	2288.87	2470.67	2501.77	2562.09	2629.3	2704.26	2846.73
123.020859	-75.201866	1355381.966	-880897.0423	20.8	3160.95	nan	1080.83	1213.51	1279.91	1351.71	1516.74	1607.62	1757.91	1893.37	1978.4	2095.19	2155.99	2265.38	2284.65	2467.19	2496.74	2557.37	2623.54	2699.49	2824.88
123.01783	-75.202408	1355378.356	-880792.7789	20.9	3069.24	nan	1082.03	1212.82	1278.81	1349.48	1515.28	1606.09	1755.16	1891.62	1976.45	2092.53	2153.72	2262.29	2282.18	2461.91	2492.49	2552.38	2617.43	2693.23	2809.83
123.014305	-75.202766	1355399.397	-880687.8542	21	3032.45	nan	1080.7	1212.1	1278.12	1348.55	1513.77	1604.11	1752.32	1888.87	1974.44	2089.79	2151.38	2258.74	2278.9	2458.83	2489.8	2547.47	2612.27	2686.79	2798.36
123.010498	-75.203087	1355428.19	-880578.4846	21.1	3017.77	nan	1081.83	1211.35	1276.76	1347.49	1512.06	1602.37	1749.7	1885.95	1972.33	2086.92	2148.91	2255.74	2276.06	2455.64	2486.97	2543.31	2608.31	2681.98	2787.7
123.006615	-75.203354	1355463.143	-880470.565	21.2	3008.31	nan	1082.23	1210.67	1275.71	1345.45	1510.84	1600.72	1748.09	1884.28	1970.56	2084.04	2146.45	2253.22	2274.7	2452.51	2484.36	2539.14	2604.34	2678.62	2778.14
123.002617	-75.203606	1355501.243	-880360.8261	21.3	3002.86	nan	1080.67	1209.98	1274.35	1344.09	1508.19	1598.99	1746.44	1882.84	1968.7	2082.48	2145.35	2253.03	2272.25	2451.26	2481.82	2537.85	2601.32	2675.96	2769.93
122.998634	-75.203865	1355538.456	-880251.0201	21.4	3002.62	nan	1081.03	1209.28	1273.94	1343.53	1507.53	1597.63	1744.79	1881.72	1966.84	2081.63	2146.31	2252.46	2273.18	2451.32	2481.82	2538.63	2601.42	2675.96	2769.78
122.995705	-75.204391	1355534.744	-880150.096	21.5	3006.7	nan	1080.33	1208.69	1273.08	1343.61	1507.53	1597.1	1744.91	1881.63	1967.36	2081.92	2147.24	2252.36	2273.38	2451.72	2484.48	2539.92	2602.47	2676.98	2774.41
122.992622	-75.20491	1355534.039	-880045.952	21.6	3015.73	nan	1080.05	1209.04	1272.76	1341.89	1507.53	1596.87	1745.53	1881.58	1968.27	2083.29	2148.19	2255.19	2276.69	2455.21	2489.16	2543.94	2605.84	2680.53	2781.6
122.989914	-75.205467	1355524.049	-879948.3982	21.7	3031.86	nan	1080.29	1209.29	1272.52	1342.58	1507.1	1596.48	1746.11	1882.54	1969.38	2084.57	2149.97	2257.28	2277.66	2459.74	2494.62	2548.08	2609.02	2683.89	2789.66
122.988251	-75.206329	1355469.759	-879857.2349	21.8	3057.13	nan	1080.25	1208.62	1271.89	1342.33	1507.21	1597.2	1746.74	1883.8	1970.78	2086.93	2151.91	2260.86	2282.46	2462.87	2499.15	2553.15	2613.27	2688.71	2800.09
122.985916	-75.207024	1355441.249	-879760.217	21.9	3081.67	nan	1080.3	1208.05	1271.94	1341.35	1506.98	1597.29	1747.36	1884.55	1971.75	2089.28	2153.75	2264.22	2284.67	2468.68	2503.25	2559.36	2621.04	2694.65	2810.05
122.983696	-75.207741	1355408.93	-879664.601	22	3110.67	nan	1079.61	1208.1	1271.88	1341.32	1507.2	1597.44	1748.19	1885.8	1972.81	2091.98	2155.98	2267.82	2289.46	2472.77	2507.36	2565.57	2628.51	2700.59	2821.44
122.981544	-75.208443	1355376.952	-879571.4991	22.1	3135.6	nan	1079.74	1208.11	1271.03	1341.11	1507.23	1597.53	1749	1886.75	1973.77	2094.84	2158.1	2270.97	2292.66	2478.01	2511.41	2571.56	2636.05	2706.75	2828.45
122.979225	-75.209145	1355347.532	-879474.4505	22.2	3136.65	nan	1079.01	1206.96	1271.9	1340.57	1506.84	1597.25	1749.83	1886.29	1974.76	2097.58	2161.15	2273.65	2294.34	2481.81	2514.79	2576.5	2643.83	2717.28	2834.1
122.976921	-75.209846	1355317.969	-879377.8206	22.3	3137.74	nan	1078.27	1207.11	1270.36	1340.34	1507.53	1596.87	1749.01	1887.32	1975.75	2098.76	2161.96	2275.93	2296.77	2484.33	2515.6	2579.48	2645.07	2716.96	2838.69
122.974426	-75.210464	1355299.02	-879281.6643	22.4	3120.32	nan	1078.08	1206.21	1269.27	1339.06	1507.53	1595.95	1747.34	1886.43	1974	2099.95	2162.27	2275.77	2298.76	2484.3	2514	2579.54	2643.26	2713.41	2837.62
122.971443	-75.210976	1355297.371	-879180.3373	22.5	3106.76	nan	1077.43	1205.24	1268.2	1338.09	1506.83	1594.56	1745.62	1885.09	1972.2	2099.88	2160.84	2274.66	2296.33	2478.86	2509.36	2573.05	2634.5	2705.92	2821.47
122.968452	-75.211487	1355295.931	-879078.8838	22.6	3096.95	nan	1077.05	1204.27	1266.7	1336.75	1505.26	1593.2	1744.12	1883.2	1970.4	2096.26	2159.41	2272.1	2292.32	2474.96	2505.26	2565.26	2623.95	2695.41	2806.84
122.965202	-75.211937	1355304.108	-878974.9711	22.7	3079.22	nan	1077.63	1203.28	1265.64	1335.32	1503.63	1591.47	1743.08	1881.36	1968.55	2092.54	2157.94	2269.25	2291.96	2472.26	2501.33	2558.16	2618.36	2684.8	2790.82
122.961929	-75.212372	1355314.02	-878871.4173	22.8	3063.29	nan	1075.99	1201.92	1264.59	1333.66	1502	1589.88	1742.04	1879.17	1966.95	2088.44	2156.47	2267.4	2289.87	2468.41	2497.4	2554.09	2613.38	2677.03	2779.2
122.958923	-75.212875	1355313.53	-878770.0966	22.9	3050.76	nan	1074.8	1200.65	1262.74	1332.18	1500.42	1588.63	1741.18	1878	1966.1	2087.89	2155.04	2266.85	2286.43	2465.95	2494.26	2550.15	2608.32	2672.06	2771.93
122.955933	-75.213379	1355312.695	-878669.0968	23	3035.9	nan	1072.42	1199.04	1261.45	1331.05	1498.84	1587.07	1740.45	1876.68	1965.26	2087.54	2154.42	2264.99	2287.1	2463.52	2492.77	2546.35	2604.94	2667.1	2766.29
122.953049	-75.213928	1355306.058	-878567.9043	23.1	3016.92	nan	1073.27	1197.11	1260.58	1329.32	1497.27	1586.02	1739.71	1875.88	1964.57	2087.19	2154.09	2264.38	2284.47	2462.36	2491.29	2545.09	2602.91	2662.14	2761.23
122.950363	-75.214493	1355294.897	-878470.4375	23.2	3003.26	nan	1073.17	1195.39	1259.62	1328.42	1496.16	1585.13	1739	1875.31	1963.59	2086.85	2153.77	2264.17	2286.03	2462.03	2490.02	2543.86	2600.93	2657.75	2756.33
122.947556	-75.215073	1355284.196	-878369.2109	23.3	2989.91	nan	1071.45	1193.62	1258.46	1327.69	1495.21	1583.76	1738.38	1874.75	1963.27	2086.49	2153.44	2264.13	2284.56	2461.24	2490.02	2542.42	2598.9	2655.75	2752.23
122.944695	-75.215622	1355277.187	-878268.5715	23.4	2976.36	nan	1070.7	1193.15	1257.74	1326.36	1494.25	1583.64	1737.8	1873.87	1962.32	2086.14	2153.11	2263.62	2285.32	2460.89	2490.02	2542.26	2596.86	2653.74	2748.67
122.941864	-75.216148	1355271.843	-878170.0255	23.5	2974.4	nan	1069.5	1193.3	1256.21	1325.58	1493.33	1582.76	1737.25	1873.37	1962.44	2086.67	2152.79	2265.32	2285.5	2460.65	2490.02	2541.81	2595.4	2651.8	2744.84
122.93924	-75.216774	1355254.055	-878070.3751	23.6	2977.16	nan	1068.28	1194	1255.97	1325.91	1492.75	1582.51	1736.67	1872.99	1962.58	2087.26	2154.11	2266.51	2287.93	2462.88	2490.89	2541.34	2596.99	2650.17	2742.98
122.936981	-75.217453	1355225.756	-877976.1801	23.7	2976.92	nan	1067.66	1194.1	1254.89	1324.72	1491.63	1582.42	1736.12	1874.06	1962.81	2088.21	2155.81	2267.39	2289.65	2463.4	2493.11	2541.41	2598.07	2650.74	2743.09
122.934402	-75.218086	1355206.618	-877877.1811	23.8	2974.48	nan	1069.25	1193.87	1255.2	1325.02	1492.63	1582.51	1736.7	1874.18	1964.17	2089	2157.56	2268.63	2291.35	2464.27	2495.4	2545.08	2598.86	2651.32	2745.72
122.931602	-75.218613	1355200.682	-877779.3208	23.9	2976.68	nan	1068.71	1193.64	1253.81	1324.74	1493	1582.66	1737.74	1874.88	1966.22	2089.76	2159.25	2271.39	2294.03	2468.14	2499.76	2547.88	2601.63	2651.89	2748.28
122.928322	-75.219048	1355210.618	-877675.6313	24	2986.45	nan	1068.46	1193.4	1254.48	1324.08	1493.36	1582.97	1738.85	1876.29	1968.43	2091.55	2161.05	2274.18	2296.32	2471.08	2504.47	2552.42	2606.48	2656.85	2752.84
122.925301	-75.219543	1355211.019	-877574.4691	24.1	3000.11	nan	1067.86	1193.17	1254.28	1324.37	1493.53	1583.79	1739.92	1877.75	1970.57	2095.1	2165.14	2278.36	2299.19	2475.49	2508.56	2559.14	2611.34	2663.62	2759.02
122.922462	-75.220108	1355202.139	-877473.4137	24.2	3014.02	nan	1067.69	1192.93	1254.42	1324.28	1494.27	1584.55	1740.99	1879.83	1972.71	2098.66	2169.95	2283.08	2303.48	2480.73	2514.24	2566.76	2621.04	2672.04	2766.61
122.919716	-75.220657	1355193.311	-877375.5211	24.3	3027.52	nan	1069.75	1192.55	1254.16	1324.95	1494.88	1585.64	1741.88	1882.05	1974.72	2102.11	2174.62	2287.87	2311.16	2486.37	2522.25	2575.18	2630.98	2683.16	2776.82
122.916481	-75.221107	1355201.139	-877272.0049	24.4	3041.84	nan	1068.58	1192.11	1254.04	1324.71	1495.7	1586.66	1742.58	1884.31	1977.89	2106.77	2179.58	2293.34	2315.35	2496.5	2530.74	2585.29	2641.92	2696.99	2787.64
122.913132	-75.221512	1355214.877	-877168.494	24.5	3069.92	nan	1067.53	1191.66	1254.12	1325.36	1496.37	1587.8	1743.27	1886.54	1981.81	2111.72	2184.53	2300.15	2323.03	2504.68	2549.95	2597.41	2652.97	2713.54	2799.56
122.909943	-75.221931	1355224.86	-877067.9291	24.6	3098.92	nan	1067.32	1191.23	1253.24	1325.07	1497.18	1588.53	1743.95	1888.82	1984.31	2116.53	2189.34	2307.47	2328.67	2512.26	2556.95	2609.18	2662.41	2728.2	2811.41
122.90712	-75.222496	1355215.701	-876967.2656	24.7	3119.03	nan	1067.48	1191.13	1253.57	1325.54	1498.02	1589.12	1744.45	1889.57	1985.44	2120.51	2193.84	2312.52	2334	2524.96	2562.01	2615.02	2670.59	2732.31	2812.98
122.904449	-75.223068	1355203.56	-876869.7806	24.8	3127.23	nan	1066.93	1190.38	1252.83	1325.04	1498.45	1589.35	1744.45	1891.37	1986.77	2122	2197.48	2315.98	2337.9	2529.51	2561.85	2617.54	2677.36	2735.12	2813.01
122.90155	-75.223602	1355198.425	-876769.1849	24.9	3130.01	nan	1065.63	1189.24	1252.2	1324.58	1497.75	1589.17	1744.45	1891.91	1988.14	2123.54	2197.97	2317.97	2339.98	2530.24	2561.69	2618.36	2679.99	2731.25	2810.49
122.898933	-75.22419	1355183.962	-876672.0237	25	3116.39	nan	1064.1	1187.89	1250.82	1323.43	1498.05	1588.83	1744.45	1891.39	1988.1	2123.09	2198.23	2318.02	2340.86	2530.56	2561.54	2617.62	2677.78	2727.53	2805.28
122.896172	-75.224739	1355175.312	-876573.7983	25.1	3099.39	nan	1062.79	1186.55	1250.36	1323.07	1497.17	1587.97	1744.36	1890.77	1986.72	2121.32	2197.51	2317.84	2339.86	2528.97	2560.81	2616.42	2672.26	2725.25	2800.3
122.893173	-75.225243	1355174.468	-876472.6448	25.2	3086.44	nan	1062.24	1185.58	1249.31	1322.13	1496.42	1587.07	1742.79	1889.68	1985.3	2119.04	2196.77	2315.95	2337.82	2524.9	2558.23	2610.32	2666.23	2721.45	2794.88
122.89035	-75.225769	1355168.886	-876374.3376	25.3	3072.8	nan	1060.77	1183.81	1248.6	1321.1	1495.28	1585.94	1741.27	1887.96	1983.93	2114.68	2195.04	2312.24	2335.51	2521.74	2553.68	2604.41	2660.37	2708.78	2789.53
122.886993	-75.226158	1355184.166	-876271.6158	25.4	3055.46	nan	1059.86	1182.39	1247.27	1319.9	1494.5	1584.56	1739.66	1886	1982.47	2112.12	2192.48	2309.15	2331.1	2516.19	2547.6	2598.14	2654.16	2694.34	2783.86
122.884079	-75.226669	1355181.353	-876172.0603	25.5	3043.6	nan	1057.89	1181	1245.67	1318.89	1492.89	1583.17	1738.05	1884.09	1981.05	2113.5	2189.46	2306.87	2328.36	2512.75	2541.69	2595.59	2648.51	2685.74	2776.88
122.88134	-75.227219	1355172.241	-876074.3088	25.6	3041.21	nan	1056.6	1179.65	1244.75	1317.5	1491.75	1581.92	1736.44	1882.88	1979.93	2113.5	2188.32	2304.55	2326.48	2510.97	2540.88	2593.86	2646.94	2685.02	2770.43
122.878647	-75.227783	1355161.122	-875976.8092	25.7	3043.47	nan	1056.05	1178.31	1243.61	1316.89	1490.97	1581.14	1734.82	1881.62	1979.53	2113.39	2187.96	2303.86	2325.12	2508.99	2540.47	2593.45	2645.37	2684.29	2768.84
122.873169	-75.228889	1355142.312	-875780.9614	25.9	3043.87	nan	1052.97	1175.66	1241.61	1315.22	1490.3	1579.46	1731.6	1879.55	1979.17	2112.41	2186.87	2304.23	2326.02	2511.99	2542.69	2595.73	2650.03	2690.25	2780.97
122.870338	-75.229454	1355133.191	-875680.147	26	3043.24	nan	1051.03	1174.65	1240.87	1314.22	1489.96	1578.9	1730.28	1880.02	1978.32	2111.6	2187.26	2304.12	2326.63	2513.65	2545.41	2599.12	2653.03	2698.05	2777.88
122.867409	-75.229935	1355133.35	-875582.0507	26.1	3041.89	nan	1050.1	1173.66	1239.83	1313.55	1489.62	1578.39	1730.28	1879.6	1978.09	2111.01	2187.95	2305.1	2326.96	2514.93	2544.11	2602.4	2657.48	2704.11	2776
122.86454	-75.230446	1355129.805	-875483.5785	26.2	3036.22	nan	1048.15	1172.68	1239.47	1312.96	1489.75	1577.7	1730.28	1879.13	1977.87	2110.42	2188.34	2304.68	2325.89	2512.8	2541.12	2599.69	2661.66	2703.13	2773.72
122.861824	-75.231003	1355119.649	-875385.9718	26.3	3027.91	nan	1047.58	1171.7	1238.7	1312.21	1489.79	1577.56	1730.28	1878.94	1977.64	2109.83	2186.83	2302.52	2323.85	2509.76	2538.12	2592.09	2651.96	2690.52	2773.72
122.859108	-75.23156	1355109.487	-875288.3681	26.4	3019.89	nan	1046.77	1170.72	1238.17	1312.26	1489.46	1577.11	1730.28	1878.76	1977.19	2109.28	2185.8	2299.71	2322.6	2505.1	2535.47	2588.91	2643.77	2685.91	2771.05
122.856361	-75.232117	1355099.792	-875190.0342	26.5	3014	nan	1046.17	1170.1	1237.65	1311.61	1489.4	1577.05	1730.28	1878.36	1976.93	2109.28	2184.79	2298.84	2322.16	2504.24	2534.4	2585.81	2642.36	2683.23	2763.74
122.853485	-75.23262	1355097.07	-875091.8866	26.6	3014.48	nan	1045.17	1170.42	1237.54	1311.96	1489.29	1577.02	1730.28	1878.65	1977.55	2109.28	2183.8	2297.79	2319.99	2504.01	2533.33	2582.68	2640.94	2685.18	2768.2
122.850563	-75.233101	1355097.084	-874993.971	26.7	3018.15	nan	1044.71	1169.93	1237.08	1311.68	1489.38	1577.05	1730.28	1878.17	1976.74	2109.28	2183.98	2298.37	2319.62	2503.61	2534.79	2583.41	2642.11	2688.62	2775.11
122.847443	-75.233559	1355102.249	-874892.7522	26.8	3022.41	nan	1043.41	1170.38	1236.83	1311.77	1489.23	1577.29	1730.28	1878.86	1976.67	2109.28	2183.8	2298.18	2320.82	2504.37	2533.41	2584.16	2644.32	2690.17	2780.12
122.844368	-75.233986	1355109.595	-874794.456	26.9	3018.63	nan	1042.81	1168.89	1236.8	1311.01	1489.43	1577.5	1730.28	1878.94	1976.8	2109.28	2183.8	2298.22	2320.53	2503.16	2530.76	2584.89	2646.46	2689.22	2789.3
122.841515	-75.234489	1355106.495	-874696.8618	27	3021.49	nan	1041.87	1169.29	1236.49	1311.29	1489.6	1577.43	1730.28	1879.13	1976.92	2109.28	2183.8	2298.64	2320.53	2503.63	2530.34	2585.62	2646.8	2686.49	2791.93
122.838776	-75.235046	1355096.64	-874598.7333	27.1	3022.5	nan	1041.61	1168.86	1236.51	1311.57	1489.23	1577.64	1730.28	1879.51	1977.05	2109.28	2183.88	2298.22	2319.84	2504.48	2529.92	2586.12	2645.46	2684.18	2774.81
122.835869	-75.235542	1355095.002	-874500.2862	27.2	3021.6	nan	1041.72	1168.57	1236.48	1311.65	1489.23	1577.78	1730.28	1879.59	1977.18	2109.28	2182.38	2297.5	2319.07	2502.89	2529.95	2585.61	2644.11	2684.18	2769.62
122.833084	-75.236076	1355087.97	-874402.4522	27.3	3021	nan	1041.07	1167.55	1236.27	1311.14	1489.08	1577.82	1730.28	1879.84	1977.31	2109.28	2181.08	2295.25	2317.49	2500.98	2529.73	2585.11	2643.06	2684.5	2776.61
122.830345	-75.236633	1355078.096	-874304.3323	27.4	3019.06	nan	1039.54	1167.03	1237.25	1311.26	1489.23	1577.75	1730.28	1879.07	1977.43	2109.28	2179.78	2294.01	2316.03	2500.98	2530.31	2584.6	2641.92	2684.94	2774.09
122.82753	-75.237114	1355076.427	-874208.9667	27.5	3010.63	nan	1039.63	1166.44	1236.02	1311.51	1489.23	1577.39	1730.28	1878.57	1977.5	2109.28	2178.52	2291.69	2313.09	2498.41	2528.3	2582.5	2638.2	2679.61	2763.51
122.824913	-75.237701	1355061.896	-874111.9424	27.6	2994.22	nan	1039.43	1165.83	1235.74	1311.53	1489.67	1577.35	1730.28	1877.87	1976.53	2107.04	2176.14	2288.82	2311.29	2492.28	2523.98	2577.58	2633.17	2673.7	2758.37
122.822128	-75.238235	1355054.839	-874014.1197	27.7	2978.88	nan	1039.08	1165.25	1235.6	1311.48	1489.33	1577.15	1730.28	1877.17	1975.82	2103.96	2172.97	2285.31	2308.29	2486.6	2519.33	2572.41	2628.19	2668.23	2751.61
122.819321	-75.238724	1355052.287	-873918.4721	27.8	2963.76	nan	1038.85	1165.4	1236.09	1311.23	1489.47	1576.75	1730.28	1875.97	1975.22	2101.35	2169.89	2281.68	2303.2	2481.76	2514.43	2566.95	2623.37	2663.09	2741
122.816521	-75.23925	1355046.189	-873820.7787	27.9	2940.93	nan	1037.78	1165.56	1235.95	1310.64	1489.02	1576.35	1730.68	1875.4	1974.61	2098.7	2166.98	2279.23	2300.48	2477.95	2509.38	2561.31	2618.4	2658.68	2733.57
122.813766	-75.239799	1355037.265	-873722.7762	28	2933.44	nan	1038.77	1165.72	1235.91	1311.51	1489.11	1576.27	1729.9	1874.92	1973.97	2097.85	2165.3	2276.85	2299.5	2474.12	2506.14	2557.59	2613.74	2656.38	2728.6
122.810638	-75.240196	1355048.125	-873625.0484	28.1	2929.71	nan	1038.66	1165.88	1235.79	1311.17	1489.23	1576.16	1729.34	1874.21	1972.92	2097	2163.61	2275.21	2295.79	2471.54	2503.48	2555.11	2608.46	2654.36	2726.16
122.807632	-75.240646	1355052.201	-873527.0369	28.2	2930.49	nan	1037.67	1166.04	1236.31	1311.46	1489.23	1576.5	1728.78	1874.24	1971.87	2096.17	2161.92	2274.68	2297.18	2470.73	2500.91	2554.77	2607.73	2653.63	2725.74
122.804947	-75.241165	1355044.974	-873432.4921	28.3	2932.84	nan	1038.62	1165.61	1236.54	1311.27	1489.23	1576.48	1728.23	1873.92	1970.18	2095.37	2160.3	2272.83	2294.94	2469.68	2499.05	2554.05	2607.3	2652.92	2726.85
122.802193	-75.241714	1355036.009	-873334.5237	28.4	2937.67	nan	1037.01	1166.35	1236.49	1312.11	1489.23	1576.29	1727.67	1872.96	1969.81	2094.55	2158.7	2270.71	2294.12	2468.24	2497.14	2553.66	2607.86	2652.18	2728
122.7995	-75.242241	1355028.15	-873239.3166	28.5	2944.49	nan	1037.19	1166.5	1236.73	1311.5	1488.99	1576.27	1727.45	1872.95	1969.13	2093.43	2157.12	2269.43	2292.33	2467.78	2495.28	2553.66	2610.38	2653.82	2730.95
122.796745	-75.242744	1355023.457	-873144.0811	28.6	2954.25	nan	1037.13	1167.16	1237.29	1311.7	1488.76	1576.21	1727.45	1872.53	1967.78	2092.95	2155.55	2267.57	2290.03	2468.61	2495.49	2553.66	2612.9	2655.79	2742.78
122.793739	-75.243195	1355027.409	-873046.0215	28.7	2965.94	nan	1037.74	1168.14	1237.4	1311.64	1488.52	1575.83	1727.45	1871.42	1966.73	2091.49	2153.94	2266.15	2288.79	2465.08	2495.7	2551.4	2614.49	2658.7	2756.56
122.791046	-75.243721	1355019.624	-872950.8819	28.8	2973.57	nan	1037.4	1169.09	1237.91	1312.37	1488.29	1575.51	1727.45	1870.86	1965.78	2088.86	2152.37	2263.25	2285.4	2460.27	2494.92	2548.26	2611.21	2662.52	2747.18
122.788345	-75.244286	1355008.336	-872853.2241	28.9	2968.9	nan	1038.18	1170.08	1238.07	1312.52	1487.39	1575.38	1727.45	1869.54	1964.85	2086.15	2150.76	2259.86	2282.09	2456.68	2488.67	2545.01	2608.31	2662.52	2741.61
122.785683	-75.24482	1354999.325	-872758.345	29	2954.85	nan	1038.78	1170.85	1238.49	1312.89	1487.82	1575.13	1727.95	1868.85	1963.95	2083.52	2149.19	2258.19	2280.29	2453.29	2482.85	2541.96	2607	2661.82	2739.85
122.78289	-75.245308	1354996.573	-872663.1203	29.1	2940.16	nan	1038.98	1171.98	1239.02	1313.62	1487.41	1575.45	1728.69	1868.18	1963.05	2080.89	2147.7	2256.3	2278.34	2451.64	2480.48	2538.98	2607	2659.64	2740.58
122.780113	-75.24585	1354988.559	-872565.0487	29.2	2927.11	nan	1039.91	1172.97	1239.85	1313.82	1487.35	1575.39	1729.45	1868.32	1962.12	2079.48	2146.56	2253.67	2275.76	2447.66	2478.04	2535.77	2604.46	2657.2	2741.3
122.777504	-75.246399	1354977.33	-872470.5345	29.3	2915	nan	1040.66	1174.19	1239.91	1313.94	1487.33	1575.4	1730.19	1867.98	1961.22	2079.04	2145.46	2253.3	2273.15	2445.86	2475.95	2532.73	2600.94	2654.04	2739.19
122.774811	-75.246925	1354969.51	-872375.4113	29.4	2903.04	nan	1039.94	1175.47	1241.03	1314.78	1488.21	1575.82	1730.86	1867.5	1960.32	2078.6	2144.36	2252.01	2273.23	2443.63	2474.32	2529.68	2598.36	2652.33	2736.53
122.771698	-75.247322	1354980.053	-872278.0673	29.5	2896.71	nan	1042.26	1176.79	1242.32	1316.09	1488.86	1576.87	1731.54	1868.04	1959.74	2078.15	2143.22	2251.25	2272.6	2441.67	2472.64	2527.62	2595.61	2652.91	2733.81
122.768562	-75.247719	1354990.94	-872180.1809	29.6	2895.38	nan	1045.64	1178.11	1243.43	1317.03	1489.83	1577.77	1732.23	1868.05	1959.91	2077.38	2143.22	2250.5	2271.95	2440.36	2471.42	2526.18	2593.72	2653.13	2731.26
122.765747	-75.248169	1354992.014	-872086.7205	29.7	2894.81	nan	1045.08	1179.44	1245.15	1318.39	1490.33	1579.24	1728.93	1869.99	1960.08	2078.85	2143.48	2250.36	2271.98	2439.92	2470.58	2524.49	2592.15	2653.35	2731.65
122.760384	-75.24926	1354972.348	-871894.7098	29.9	2897.52	nan	1051.97	1182.04	1248.53	1321.97	1493.31	1582.44	1731.74	1872.47	1962.11	2081.69	2143.99	2252.08	2273.76	2440.9	2471.58	2523.87	2593.71	2654.68	2741.42
122.754807	-75.25029	1354961.579	-871701.2934	30.1	2916.22	nan	1055.56	1187.48	1253.1	1326.68	1497.39	1587.36	1737.11	1877.51	1967.44	2086.08	2149.96	2255.89	2276.88	2448.21	2477.13	2531.61	2599.46	2674	2756.37
122.752266	-75.250893	1354944.249	-871605.1861	30.2	2930.86	nan	1057.51	1190.41	1255.55	1328.79	1500.13	1589.65	1740.3	1879.86	1970.54	2088.49	2152.99	2259.77	2278.72	2452.02	2480.02	2535.98	2603.54	2686.57	2761.41
122.749779	-75.251511	1354924.699	-871509.4633	30.3	2947.89	nan	1060.33	1193.34	1258.55	1331.69	1503.17	1592.51	1743.5	1883.4	1972.85	2092.02	2156.02	2263.78	2285.44	2453.1	2482.92	2541.85	2608.56	2697.8	2766.58
122.747467	-75.252174	1354898.304	-871415.1948	30.4	2965.03	nan	1063.7	1196.28	1260.81	1333.12	1505.85	1595.5	1746.69	1886.76	1976.06	2096.41	2160.07	2267.5	2289.12	2461.07	2493.53	2551.58	2618.9	2707.2	2776.05
122.744423	-75.252579	1354906.991	-871319.0265	30.5	2982.91	nan	1066.14	1199.21	1263.67	1336.64	1508.86	1599.1	1749.88	1890.73	1980.8	2100.8	2165.22	2272.87	2293.79	2469.65	2507.18	2561.31	2629.24	2717.04	2809.25
122.741295	-75.252983	1354917.043	-871220.9331	30.6	3000.82	nan	1069.34	1201.39	1267.12	1340.2	1511.97	1602.92	1753.08	1895.5	1985.69	2105.24	2170.37	2279.73	2300.25	2475.55	2520	2574.1	2639.36	2726.02	2839.62
122.738274	-75.253372	1354926.854	-871126.2671	30.7	3018.23	nan	1072	1203.89	1269.62	1343.22	1514.98	1606.76	1756.24	1901.15	1990.36	2111.14	2175.71	2285.91	2310.28	2484.38	2529.92	2589.65	2649.6	2739.06	2864.74
122.735374	-75.253822	1354929.155	-871030.8223	30.8	3035.65	nan	1076.36	1206.17	1272.81	1346.62	1517.99	1610.3	1759.89	1905.52	1995.03	2117.03	2181.04	2291.86	2318.05	2488.33	2539.57	2605.21	2659.63	2758.79	2881.57
122.732437	-75.254303	1354929.132	-870932.6539	30.9	3052.75	nan	1078.94	1209.27	1275.4	1349.27	1520.97	1613.48	1763.65	1910.57	1998.82	2123.11	2186.55	2301.65	2322.51	2494.71	2547.62	2613.71	2664.9	2766.33	2891.62
122.729622	-75.254784	1354927.25	-870837.373	31	3067.1	nan	1080.2	1210.77	1278.02	1351.31	1523.75	1616.23	1767.3	1913.14	2002.13	2128.8	2191.89	2308.54	2330.18	2502.03	2553.85	2617.19	2666.53	2767.05	2900.91
122.726959	-75.255363	1354913.949	-870739.8396	31.1	3079.28	nan	1083.01	1213.06	1280.05	1353.37	1526.61	1618.92	1771.06	1916.53	2005.53	2133.19	2197.39	2311.9	2334.75	2504.77	2559.42	2621.11	2670.64	2768.81	2907.85
122.724403	-75.255936	1354899.574	-870645.1978	31.2	3091	nan	1084.48	1215.28	1281.96	1355.34	1529.39	1620.98	1774.7	1919.01	2008.84	2137.68	2200.38	2315.52	2338.86	2508.82	2564.83	2626.95	2679.09	2772.02	2911.5
122.721458	-75.256401	1354901.135	-870547.8053	31.3	3103.16	nan	1086.82	1217.56	1283.75	1357.03	1531.2	1622.98	1778.46	1921.7	2011.95	2141.84	2203.46	2319.55	2340.47	2515.91	2570.89	2633.14	2691.63	2783.61	2915.26
122.718452	-75.256805	1354909.281	-870452.6125	31.4	3115.68	nan	1087.69	1219.23	1285.1	1358.38	1532.73	1624.6	1778.46	1923.58	2014.81	2144.01	2206.45	2323.45	2344.25	2520.22	2576.35	2639.05	2701.4	2793.1	2918.91
122.715591	-75.257317	1354905.188	-870354.4061	31.5	3129.43	nan	1090.29	1219.23	1285.98	1359.35	1533.94	1625.61	1778.46	1925.19	2017.76	2145.4	2208.66	2326.3	2347.58	2524.71	2577.44	2645.43	2698.22	2792.68	2921.48
122.712906	-75.257881	1354893.584	-870257.2618	31.6	3137.79	nan	1089.69	1219.23	1286.08	1359.89	1534.72	1625.92	1778.46	1925.84	2018.66	2146.79	2210.64	2327.39	2348.2	2526.33	2574.98	2647.93	2706.47	2787.98	2915.35
122.70993	-75.258347	1354895.497	-870159.0857	31.7	3146.95	nan	1090.19	1219.23	1286.07	1359.53	1535.56	1625.56	1777.99	1925.29	2018.66	2144.81	2211.55	2325.56	2346.55	2522.39	2572.53	2643.62	2704.78	2779.73	2897.87
122.707115	-75.258881	1354888.642	-870060.6626	31.8	3160.44	nan	1090.03	1219.23	1285.98	1359.26	1533.95	1624.58	1776.45	1923.83	2018.66	2141.15	2210.31	2321.95	2345.87	2517.5	2570.08	2639.31	2697.91	2768.63	2885.11
122.704216	-75.259377	1354886.586	-869962.5226	31.9	3163.27	nan	1089.15	1218.61	1284.21	1358.15	1532.28	1622.62	1774.9	1920.71	2014.76	2135.12	2205.6	2312.65	2334.87	2503.95	2566.25	2637.32	2686.35	2755.79	2873.15
122.701294	-75.259865	1354885.616	-869864.3183	32	3157.24	nan	1088.39	1216.77	1282.29	1356.58	1530.43	1620.2	1773.36	1916.67	2009.49	2128.94	2199.77	2300.4	2325.24	2496.71	2559.66	2625.75	2672.74	2739.9	2858.31
122.698372	-75.260353	1354884.64	-869766.1164	32.1	3121.24	nan	1087.34	1214.93	1281.14	1354.74	1527.62	1616.96	1769.38	1911.83	2004.1	2122.76	2194.35	2296.4	2317.57	2487.79	2543.74	2608.31	2659.14	2724.01	2842.55
122.695549	-75.26088	1354878.531	-869667.9322	32.2	3085.35	nan	1085.44	1213.09	1278.55	1352.21	1524.82	1613.45	1764.01	1907.06	1999.21	2116.58	2189.06	2287.35	2310.03	2480.8	2534.49	2587.79	2645.54	2708.13	2826.79
122.692558	-75.261398	1354875.802	-869566.3147	32.3	3049.76	nan	1084.33	1210.79	1276.54	1349.11	1521.76	1609.61	1758.48	1900.73	1993.92	2110.21	2183.61	2278.17	2300.96	2470.68	2523.52	2571.7	2631.52	2691.76	2792.37
122.689735	-75.261925	1354869.68	-869468.136	32.4	3042.81	nan	1082.6	1208.44	1274.09	1346.3	1518.6	1605.83	1753.12	1896.14	1988.78	2105.03	2178.32	2273.1	2291.85	2461.71	2515.15	2564.93	2617.91	2679.04	2762.49
122.686798	-75.262405	1354869.649	-869370.0665	32.5	3036.73	nan	1079.77	1206.1	1270.64	1343.25	1515.45	1601.88	1749.18	1891.05	1983.62	2100.02	2173.03	2264.47	2286.41	2453.78	2508.27	2559.06	2604.31	2667.33	2740.38
122.683998	-75.262978	1354858.891	-869269.6947	32.6	3040.2	nan	1075.04	1203.68	1267.95	1340.04	1512.21	1597.87	1745.16	1886.12	1978.38	2094.86	2167.58	2260.45	2280.58	2445.79	2501.17	2553.66	2590.67	2655.27	2731.47
122.681107	-75.263527	1354851.738	-869168.6048	32.7	3037.32	nan	1074.84	1201.26	1265.29	1337.25	1508.96	1594.17	1741.14	1881.46	1973.1	2089.7	2162.12	2254.28	2274.75	2432.54	2492	2545.08	2579.01	2644.61	2724.26
122.678169	-75.264008	1354851.609	-869070.4598	32.8	3021.37	nan	1072.42	1198.43	1262.18	1333.52	1505.81	1590.43	1737.25	1876.35	1967.98	2084.22	2156.83	2245.19	2269.1	2428.35	2487.19	2536.74	2569.16	2634.76	2716.37
122.67527	-75.264557	1354844.564	-868969.1864	32.9	3003.42	nan	1068.81	1196.42	1259.27	1330.67	1502.39	1586.43	1733.23	1871.96	1963.07	2078.36	2151.38	2241.47	2263.27	2420.35	2478.12	2528.16	2559.02	2624.61	2704.11
122.672401	-75.265114	1354836.313	-868868.1486	33	2994.25	nan	1065.71	1193.3	1255.84	1327.2	1498.5	1582.51	1729.17	1869.2	1957.95	2072.51	2145.93	2231.18	2257.45	2415.02	2467.27	2519.57	2548.87	2614.24	2691.13
122.669502	-75.26561	1354834.18	-868770.0396	33.1	2986.27	nan	1064.75	1190.78	1253.12	1324.07	1494.73	1578.88	1725.11	1863.28	1953.18	2066.82	2140.64	2227.06	2251.79	2407	2462.87	2511.24	2539.02	2603.2	2681.05
122.666405	-75.266083	1354837.179	-868668.6215	33.2	2977.27	nan	1062.96	1187.92	1249.98	1321.25	1490.84	1574.95	1720.92	1857.99	1948.27	2061.15	2135.18	2221.47	2246.14	2400.29	2454.08	2502.66	2530.29	2591.82	2676.6
122.663223	-75.266487	1354847.873	-868569.3068	33.3	2940.43	nan	1061.19	1185.06	1247.88	1319.05	1486.96	1571.25	1716.73	1853.57	1943.36	2055.87	2129.73	2217.22	2240.6	2393.6	2446.53	2495.03	2521.61	2580.45	2661.74
122.660454	-75.267082	1354834.548	-868468.3806	33.4	2916.83	nan	1057.09	1182.2	1245.14	1315.64	1482.82	1568.08	1712.54	1848.96	1938.45	2050.58	2124.51	2210.28	2235.06	2386.9	2438.7	2488.79	2513.14	2571.56	2649.03
122.657623	-75.267647	1354824.945	-868367.7789	33.5	2909.23	nan	1055.87	1179.34	1242.35	1313.45	1480.38	1564.84	1708.35	1844.94	1933.54	2045.29	2119.8	2204.33	2229.52	2379.13	2428.63	2482.55	2505.55	2564.04	2643.29
122.654823	-75.268227	1354813.471	-868267.0198	33.6	2903.33	nan	1054.7	1176.48	1240.03	1310.53	1477.65	1561.36	1704.44	1840.65	1928.23	2040.01	2114.2	2199.88	2223.98	2372.79	2425.54	2476.3	2497.89	2556.77	2635.96
122.652092	-75.268822	1354799.551	-868167.0021	33.7	2898.1	nan	1052.23	1174	1238.27	1309.81	1474.91	1558.33	1702.15	1837.08	1923.72	2034.72	2108.55	2195.48	2218.44	2366.7	2417.51	2463.33	2490.22	2549.03	2623.63
122.649254	-75.269432	1354785.851	-868063.5643	33.8	2903.34	nan	1047.27	1172.82	1235.91	1306.29	1471.41	1555.76	1699.8	1833.29	1918.89	2029.9	2103.74	2190.49	2212.74	2361.17	2413.35	2456.78	2482.33	2541.39	2613.36
122.646339	-75.269974	1354779.632	-867962.3589	33.9	2908.63	nan	1047.12	1170.85	1234.01	1304.86	1469.7	1553.25	1697.52	1830.05	1916.51	2027.01	2098.58	2184.96	2207.2	2354.13	2408.01	2446.19	2474.71	2533.8	2603.28
122.643486	-75.270538	1354770.422	-867861.3124	34	2920.75	nan	1048.22	1168.94	1231.86	1302.37	1467.94	1550.92	1695.24	1827.17	1913.5	2023.44	2093.43	2180	2201.72	2344.64	2404.08	2443.11	2469.07	2524.44	2596.35
122.640724	-75.271126	1354757.596	-867760.9917	34.1	2933.13	nan	1044.53	1167.7	1231.52	1300.85	1466.18	1548.79	1692.95	1824.16	1910.5	2019.86	2090.24	2175.89	2198.07	2342.21	2400.64	2440.25	2464.07	2514.8	2589.13
122.638	-75.271767	1354739.261	-867658.4172	34.2	2943.76	nan	1044.12	1166.14	1228.79	1299.34	1464.37	1546.27	1690.6	1820.77	1907.41	2015.69	2087.39	2170.84	2194.32	2338.17	2393.99	2432.43	2458.92	2507.63	2583.31
122.63517	-75.272339	1354728.939	-867557.448	34.3	2952.48	nan	1042.11	1164.59	1227.18	1297.5	1462.12	1545.01	1688.16	1818.28	1904.79	2012.27	2084.62	2167.49	2190.67	2333.28	2390.56	2429.45	2454.79	2504.47	2578.36
122.632339	-75.272903	1354719.369	-867456.9346	34.4	2961.66	nan	1040.21	1163.03	1225.81	1296	1460.85	1543.01	1685.72	1815.98	1901.4	2010	2081.85	2165.49	2187.03	2333.17	2386.55	2425.75	2451.43	2501.32	2574.05
122.629601	-75.273499	1354705.41	-867356.7184	34.5	2972.93	nan	1038.53	1161.48	1224.47	1294.52	1459.1	1541.51	1683.28	1813.24	1898.4	2007.15	2079.08	2161.87	2183.39	2328.05	2382.39	2421.06	2447.93	2498.16	2571.52
122.626747	-75.274063	1354696.175	-867255.6675	34.6	2979.19	nan	1038.47	1160.32	1223.32	1293.47	1457.34	1539.53	1680.84	1811.08	1895.39	2004.34	2076.31	2158.57	2179.79	2323.56	2379.37	2418.15	2443.38	2495	2568.73
122.623955	-75.274681	1354680.975	-867152.8718	34.7	2980.47	nan	1035.89	1159.2	1221.62	1292.1	1455.53	1537.12	1678.33	1807.95	1892.3	2001.51	2072.88	2154.01	2176.28	2316.76	2374.24	2413.07	2438.69	2489.15	2564.75
122.621284	-75.275337	1354660.404	-867050.6791	34.8	2981.8	nan	1035.91	1158.06	1220.79	1290.46	1453.24	1535.18	1675.82	1805.35	1889.32	1998.67	2070.61	2150.62	2172.77	2313.61	2369.3	2407.2	2434.01	2483.14	2558.9
122.618469	-75.275948	1354646.189	-866947.7634	34.9	2985.03	nan	1033.13	1156.42	1219.34	1288.62	1451.22	1533.05	1673.19	1802.52	1886.43	1994.69	2067.76	2146.67	2169.26	2308.61	2363.88	2401.26	2427.78	2477.14	2553.59
122.615654	-75.27652	1354635.594	-866847.1719	35	2988.71	nan	1032.64	1155.83	1218.39	1288.09	1450.28	1530.86	1669.71	1799.16	1883.63	1989.99	2062.46	2141.96	2165.85	2301.07	2354.67	2394.7	2420.84	2469.65	2549.55
122.612701	-75.277046	1354631.357	-866746.0578	35.1	2991.95	nan	1032.13	1154.73	1216.26	1284.89	1448.22	1528.42	1666.24	1795.48	1880.83	1985.15	2056.09	2136.02	2160.35	2296.87	2347.11	2383.17	2412.72	2459.8	2531.94
122.609932	-75.277634	1354618.565	-866645.6081	35.2	2984.85	nan	1029.93	1153.64	1215.47	1282.71	1445.49	1526.03	1662.77	1791.8	1878.03	1980.27	2050.77	2129.98	2154.39	2284.54	2340.82	2377.16	2404.15	2450.07	2519.39
122.607185	-75.278229	1354604.783	-866545.2655	35.3	2979.01	nan	1028.57	1152.54	1213.04	1282.21	1442.76	1523.7	1660.04	1787.85	1874.64	1975.36	2042.11	2124.03	2148.78	2280.12	2327.97	2371.45	2395.89	2440.34	2512.39
122.604439	-75.27887	1354586.702	-866442.2136	35.4	2978.09	nan	1027.62	1151.18	1212.34	1281.18	1440.37	1521.39	1657.36	1784.15	1870.04	1970.03	2033.2	2118.16	2143.28	2274.59	2323.14	2364.32	2386.74	2430.33	2507.41
122.601692	-75.279503	1354569.372	-866339.6177	35.5	2980.97	nan	1027.44	1149.94	1211.08	1277.45	1438.69	1518.9	1654.68	1780.44	1865.44	1965.19	2024.35	2112.86	2138.67	2267.08	2317.92	2354.81	2380.44	2420.31	2495.06
122.5989	-75.280083	1354557.646	-866239.1137	35.6	2970.59	nan	1026.02	1147.85	1209.38	1276.81	1436.95	1517.48	1651.7	1777.82	1861.2	1962.55	2021.8	2108.06	2134.19	2262.38	2312.58	2349.55	2374.56	2416	2488.95
122.595879	-75.280586	1354556.536	-866137.7784	35.7	2961.14	nan	1025.17	1146.21	1209.02	1277.21	1435.22	1515.36	1648.51	1774.91	1858.28	1959.91	2019.34	2104.71	2130.49	2257.44	2307.74	2343.75	2368.68	2412.41	2483.05
122.593094	-75.281166	1354544.691	-866037.4461	35.8	2956.44	nan	1025.54	1145.53	1207.63	1275.24	1433.44	1514.33	1645.32	1773.06	1855.36	1957.28	2016.88	2101.05	2126.95	2256.21	2303.32	2339.93	2364.73	2408.82	2480.81
122.590103	-75.281677	1354542.37	-865936.3498	35.9	2953.57	nan	1024.52	1145.11	1207.12	1274.75	1433.29	1512.96	1642.42	1770.95	1852.44	1954.86	2014.42	2098.11	2123.66	2247.62	2300.04	2336.26	2361.3	2405.23	2473.98
122.587372	-75.282318	1354524.022	-865833.6735	36	2951.46	nan	1026.24	1144.67	1207.67	1274.09	1432.46	1511.36	1642.42	1768.9	1849.44	1953.1	2011.89	2095.54	2121.72	2247.33	2296.55	2332.71	2357.76	2399.5	2470.27
122.584694	-75.282974	1354503.471	-865731.3622	36.1	2952.92	nan	1024.11	1144.24	1206.27	1272.99	1431.58	1510.21	1642.19	1768.5	1846.44	1951.34	2009.36	2093.18	2119.77	2244.06	2293.75	2329.39	2354.78	2393.49	2467.03
122.581909	-75.2836	1354487.321	-865628.3087	36.2	2958.15	nan	1024.27	1143.8	1206.05	1273.08	1430.7	1510	1640.13	1765.43	1844	1949.58	2006.82	2091.07	2117.68	2239.67	2291.08	2326.81	2351.95	2389.31	2464.09
122.579048	-75.284149	1354479.474	-865528.0393	36.3	2972.9	nan	1024.17	1143.57	1205.39	1272.51	1429.29	1508.99	1638.14	1764.92	1842.68	1947.41	2004.35	2089.01	2115.38	2243.23	2288.42	2324.28	2349.19	2385.92	2462.51
122.576126	-75.284691	1354473.194	-865426.7468	36.4	2973.71	nan	1023.88	1142.96	1205.06	1271.88	1428.99	1508.34	1636.75	1763.73	1841.36	1944.95	2001.87	2086.96	2113.08	2235.19	2285.64	2321.9	2345.92	2382.54	2458.33
122.573242	-75.28524	1354465.682	-865325.9395	36.5	2978.25	nan	1024.59	1143	1204.6	1271.66	1427.68	1507.3	1636.75	1761.84	1840.25	1942.49	1999.38	2084.21	2110.05	2232.5	2282.53	2316.5	2342.6	2379.16	2455.16
122.570496	-75.285873	1354448.264	-865223.4056	36.6	2990.41	nan	1023.13	1143.2	1204.43	1270.93	1426.75	1506.03	1636.75	1760.76	1838.68	1939.96	1996.83	2081.68	2106.62	2230.21	2279.64	2315.25	2338.54	2375.67	2450.56
122.56781	-75.286568	1354424.166	-865118.6095	36.7	2991.3	nan	1024.21	1143.4	1203.89	1270.16	1425.88	1505.15	1635.48	1757.67	1837.28	1937.88	1994.2	2078.75	2103.09	2224.29	2275.39	2310.68	2334.75	2372.09	2446.11
122.565201	-75.287239	1354401.132	-865017.0639	36.8	2983.54	nan	1023.1	1143.59	1203.41	1270.12	1424.52	1504.18	1631.43	1757.29	1835.34	1934.76	1991.65	2075.74	2100.15	2223.72	2271.72	2307.71	2331.07	2368.35	2441.6
122.56234	-75.287842	1354388.222	-864913.6055	36.9	2976.67	nan	1022.96	1143.79	1202.95	1269.1	1423.97	1503.08	1627.38	1756.12	1833.01	1931.74	1989.09	2072.66	2097.25	2218.61	2267.86	2302.64	2327.38	2363.38	2437.31
122.559586	-75.288475	1354370.899	-864810.8977	37	2974.59	nan	1022.58	1143.98	1202.63	1268.58	1421.93	1502.2	1625.87	1753.25	1830.84	1929.49	1986.47	2069.8	2094.36	2215.16	2264.29	2298.85	2323.32	2358.31	2434.94
122.556808	-75.289146	1354350.395	-864705.3688	37.1	2961.17	nan	1022.46	1144.15	1201.87	1267.14	1420.62	1500.82	1626.77	1751.31	1828.27	1926.78	1982.73	2066.44	2091.47	2209.34	2260.07	2293.52	2318.85	2353.19	2430
122.553909	-75.289734	1354339.434	-864601.9141	37.2	2932.18	2813.57	1021.67	1143.08	1200.46	1267.25	1419.35	1499.23	1627.65	1749.05	1825.94	1924.38	1979.09	2063.24	2088.81	2208.05	2255.04	2290.18	2314.5	2348.22	2422.49
122.55117	-75.290375	1354321.12	-864499.0968	37.3	2903.19	2806.24	1020.27	1142.02	1200.31	1265.95	1418.08	1497.74	1627.54	1747.39	1823.61	1921.35	1975.45	2060.23	2085.6	2204.74	2251.47	2287.27	2310.15	2343.61	2418.5
122.548454	-75.291054	1354298.916	-864394.57	37.4	2886.02	2801.96	1020.3	1140.92	1199.26	1264.65	1416.77	1496.3	1625.22	1745.3	1821.2	1918.54	1971.71	2057.43	2082.06	2198.37	2248.2	2282.61	2305.67	2339.31	2415.24
122.545517	-75.291679	1354285.064	-864288.0305	37.5	2876.92	2800.7	1019.21	1139.83	1198.09	1263.38	1415.46	1494.6	1622.9	1743.09	1818.67	1915.74	1967.97	2053.6	2078.53	2194.88	2242.81	2278.77	2301.2	2335.02	2410.05
122.542778	-75.292358	1354263.193	-864182.9682	37.6	2872.67	2780.03	1019.09	1138.73	1196.32	1262.7	1414.07	1493.11	1621.03	1740.88	1816.24	1913	1964.23	2050.19	2074.63	2191.7	2239.91	2273.27	2296.72	2330.73	2405.42
122.540001	-75.29306	1354239.748	-864075.6461	37.7	2871.26	2761.46	1017.83	1137.61	1194.56	1260.48	1412.64	1490.85	1618.08	1738.53	1813.08	1909.99	1960.38	2046.43	2070.39	2188.08	2234.57	2269.05	2292.13	2326.31	2399.12
122.537247	-75.293732	1354218.741	-863970.6532	37.8	2870.39	2751.4	1017.62	1136.51	1194.21	1258.56	1411.5	1489	1615.58	1735.61	1810.01	1906.79	1956.64	2042.56	2066.12	2183.28	2228.72	2264.29	2287.93	2322.02	2394.46
122.534309	-75.294312	1354209.064	-863866.7774	37.9	2863.42	2733.06	1016.84	1135.45	1193.77	1257.92	1409.94	1487.29	1613.15	1733	1806.75	1903.79	1953	2039.1	2062.43	2179.27	2225.81	2259.59	2283.85	2317.65	2390.88
122.531441	-75.294991	1354189.11	-863758.6824	38	2850.59	2734.86	1016.29	1134.24	1192.33	1256.75	1407.82	1485.47	1610.58	1731.2	1803.86	1900.32	1949.25	2035.4	2058.7	2175.83	2222.25	2255.59	2279.53	2312.77	2384.85
122.528572	-75.295631	1354172.794	-863652.8829	38.1	2838.38	2728.33	1014.7	1133.01	1191.14	1255.32	1406.06	1483.49	1607.84	1728.33	1800.79	1897.42	1946.06	2031.73	2055.19	2172.9	2217.77	2250.62	2275.32	2308.02	2380.38
122.525749	-75.296326	1354150.658	-863544.91	38.2	2830.64	2715.26	1012.87	1131.75	1189.19	1253.26	1404.45	1481.22	1605.41	1727.56	1797.63	1894.19	1942.79	2028.34	2051.59	2166.83	2212.17	2246.09	2271.01	2303.13	2376.07
122.522881	-75.29705	1354126.494	-863434.1568	38.3	2828.33	2702.11	1012.13	1130.45	1188.29	1252.5	1402.45	1479.27	1603.28	1722.48	1794.39	1890.87	1939.02	2024.54	2047.89	2162.99	2208.71	2242.39	2265.85	2298.12	2371.11
122.519989	-75.297729	1354106.873	-863325.5115	38.4	2829.92	2695.03	1010.29	1129.18	1186.5	1250.33	1400.57	1477.43	1601.05	1719.47	1791.23	1887.75	1935.86	2021.33	2044.28	2159.54	2206.57	2239.53	2262.25	2293.23	2366.75
122.517082	-75.298355	1354092.404	-863219.661	38.5	2834.74	2692.74	1009.42	1127.95	1184.9	1248.69	1399.29	1475.42	1598.54	1717.14	1788.16	1884.93	1932.96	2017.91	2041.01	2155.06	2202.65	2234.22	2257.56	2288.48	2362.67
122.514076	-75.299042	1354073.74	-863107.8551	38.6	2835.48	2692.91	1010.02	1126.65	1183.57	1247.14	1397.58	1473.14	1596.99	1714.54	1784.99	1881.75	1929.6	2013.97	2037.58	2151.73	2196.41	2229.33	2253.62	2283.47	2357.95
122.5112	-75.299759	1354050.318	-862997.346	38.7	2836.76	2695.96	1007.04	1125.35	1181.86	1245.72	1395.62	1471.4	1594.46	1713.51	1781.94	1878.86	1926.24	2010.33	2034.14	2147.2	2193.94	2225.14	2247.3	2278.45	2352.41
122.508316	-75.300446	1354029.802	-862888.4322	38.8	2830.62	2684.99	1007.2	1124.08	1180.93	1244.54	1393.24	1469.46	1591.96	1709.19	1778.97	1876.04	1923.44	2006.82	2030.8	2142.2	2188.05	2220.88	2240.18	2273.56	2346.38
122.505386	-75.301224	1354001.499	-862773.0375	38.9	2805.11	2667.14	1004.49	1122.72	1179.08	1242.39	1391.83	1467.66	1589.37	1706.51	1775.76	1873	1918.97	2003.14	2027.19	2138.74	2182.78	2215.84	2236.59	2268.7	2341.27
122.502663	-75.302025	1353967.93	-862661.1754	39	2791.06	2649.14	1003.02	1121.35	1178.38	1242.25	1389.89	1464.94	1586.28	1703.96	1772.09	1869.57	1916.54	1998.9	2024.46	2134.91	2177.95	2211.34	2233.24	2264.82	2336.76
122.499344	-75.302589	1353965.391	-862549.2911	39.1	2772.38	2633.55	1005.02	1120.08	1176.5	1239.91	1388.27	1463.23	1585.16	1701.62	1769.58	1865.56	1914.42	1996.09	2020.28	2130.95	2175.78	2205.38	2230.21	2261.23	2331.58
122.496262	-75.303207	1353954.248	-862439.8082	39.2	2754.8	2617.81	1002.34	1118.82	1175.59	1238.82	1387.13	1461.68	1584.45	1700.15	1766.61	1862.24	1912.31	1993.05	2016.34	2127.76	2173.42	2203.69	2226.35	2257.63	2329.73
122.492966	-75.303696	1353958.33	-862332.9216	39.3	2740.67	2606.25	1002.05	1117.59	1174.51	1237.41	1385.2	1460.32	1583.76	1697.12	1763.72	1860.68	1910.26	1990.62	2014.03	2127.57	2168.49	2200.48	2223.12	2254.14	2326.99
122.4897	-75.304291	1353952.082	-862220.4613	39.4	2736.06	2597.47	1000.13	nan	1173.41	1237.9	nan	1459.05	1583.04	1695.47	nan	1860.48	1908.09	nan	2011.59	2124.96	2163.71	2196.46	2219.87	2250.45	2319.63
122.486877	-75.305222	1353907.874	-862098.5516	39.5	2732.22	2594.89	1001.19	1114.57	1171.88	1235.88	1382.46	1457.15	1581.74	1693.65	1763.45	1855.42	1907.11	1985.93	2009.17	2119.95	2163.32	2194.41	2217.57	2251.08	2316.17
122.483887	-75.306061	1353874.737	-861978.1566	39.6	2726.37	2593.44	999.79	1113.29	1170.87	1235.3	1381.19	1455.95	1579.08	1691.94	1762.76	1854.62	1903.87	1983.98	2007.37	2117.24	2160.44	2191.69	2215.15	2247.73	2314.19
122.48085	-75.306816	1353850.12	-861861.6364	39.7	2728.54	2596.24	998.15	1112.41	1169.64	1233.84	1380.41	1455.29	1576.7	1691.16	1760.64	1852.48	1900.86	1982.44	2006.55	2115.24	2158.16	2190.63	2212.84	2247.63	2312.23
122.477669	-75.307579	1353826.916	-861741.2445	39.8	2738.51	2598.5	998.4	1111.17	1169.59	1232.96	1379.96	1454.33	1578.44	1689.39	1759.01	1851.63	1899.4	1980.55	2004.16	2114.07	2157.13	2189.34	2210.48	2247.79	2310.75
122.474518	-75.308342	1353803.251	-861621.5668	39.9	2740.38	2597.65	996.53	1110.6	1168.88	1231.98	1379.33	1453.46	1576.37	1689.13	1757.02	1849.9	1897.94	1979.45	2003.45	2113.27	2156.22	2187.46	2208.12	2246.26	2308.8
122.471306	-75.30909	1353781.892	-861501.3421	40	2743.7	2616.36	997.05	1109.76	1167.86	1231.25	1378.04	1452.6	1573.04	1687.29	1756.13	1848.1	1896.48	1976.69	2001.19	2110.22	2153.45	2185.65	2205.76	2243.09	2307.6
122.468063	-75.309792	1353765.273	-861383.1159	40.1	2748.98	2624	996.44	1108.93	1167.7	1231.58	1377.51	1451.67	1571.47	1686.43	1754.87	1846.35	1894.97	1976.54	1999.4	2109.52	2151.49	2184.58	2204.2	2240.01	2305.58
122.464783	-75.310562	1353742.868	-861259.9911	40.2	2749.63	2627.53	995.43	1108.06	1167.27	1229.82	1376.15	1451.03	1573.76	1684.77	1753.59	1844.58	1892.95	1974.82	1997.79	2107.7	2150.77	2183.01	2203.07	2237.8	2305.25
122.461548	-75.311378	1353715.494	-861135.2095	40.3	2749.82	2627.97	994.88	1107.71	1166.36	1228.84	1375.25	1450.58	1573.76	1685.72	1752.41	1843.85	1890.47	1974.27	1997.45	2107.14	2149.47	2181.57	2201.91	2237.45	2303.52
122.458183	-75.312202	1353689.318	-861006.8885	40.4	2742.37	2630.58	993.25	1107.71	1165.96	1229.12	1374.53	1449.08	1575.96	1684.62	1751.17	1843.1	1888.19	1972.08	1996.84	2106.96	2148.3	2181.2	2200.73	2237.09	2302.49
122.454979	-75.313141	1353650.001	-860875.5652	40.5	2741.67	2653.85	994.69	1107.71	1165.78	1228.32	1374.17	1449.42	1573	1682.8	1750.99	1842.11	1889.57	1972.23	1995.07	2104.09	2147.38	2179.55	2199.5	2235.96	2301.03
122.451462	-75.313828	1353638.849	-860751.7806	40.6	2754.58	2648.86	994.99	1107.85	1165.86	1227.61	1373.84	1448.65	1573	1681.61	1750.07	1841.6	1890.82	1971.36	1993.19	2103.51	2146.68	2178.23	2198.37	2234.84	2300.25
122.447983	-75.314583	1353620.782	-860624.8711	40.7	2758.91	2647.86	994.51	1107.71	1166.22	1228.59	1373.5	1447.98	1573	1680.61	1748.63	1840.92	1889.74	1969.49	1994.37	2102.93	2146.75	2177.07	2197.18	2233.4	2299.66
122.444534	-75.315346	1353601.51	-860498.2021	40.8	2757.41	2633.29	995.64	1107.4	1164.98	1227.44	1373.21	1447.96	1571.82	1680.65	1747.92	1839.65	1887.26	1969.22	1992.22	2101.41	2145.1	2176.44	2197.18	2231.96	2299.01
122.44101	-75.316208	1353574.13	-860363.9046	40.9	2763.65	2626.45	993.8	1107.71	1164.49	1226.48	1373.25	1447.53	1570.46	1679.56	1746.92	1838.52	1884.96	1968.59	1992.46	2100.56	2143.55	2174.85	2197.18	2230.34	2298.29
122.437492	-75.317032	1353550.189	-860232.0055	41	2793.9	2619.84	992.45	1108.02	1164.22	1226.15	1373.44	1446.72	1573	1678.83	1746.08	1837.41	1885.58	1967.35	1990.7	2099.72	2142.89	2174.73	2197.18	2228.66	2297.22
122.434013	-75.317955	1353516.429	-860095.1729	41.1	2798.43	2607.57	993.94	1107.86	1164.36	1226.44	1372.84	1446.47	1570.58	1678.04	1745.57	1836.13	1886.25	1966.44	1990.05	2099.75	2141.55	2173.43	2197	2226.98	2296.06
122.455544	-75.312981	1353656.415	-860898.3916	41.3	2741.85	2653.36	993.01	1107.71	1166.12	1227.89	1374.23	1449.27	1573	1683.03	1751.11	1842.45	1889.33	1971.64	1995.32	2104.22	2148.4	2177.78	2200.01	2236.63	2301.15