# distance thickness
0. 3233.16
6.3	3233.16
6.4	3229.4
6.5	3226.15
6.6	3221.79
6.7	3213.92
6.8	3188.24
6.9	3182.62
7	3191.05
7.1	3192.54
7.2	3188.29
7.3	3178.8
7.4	3168.29
7.5	3153.61
7.6	3149.38
7.7	3151.37
7.8	3146.64
7.9	3134.31
8	3132.44
8.1	3126.99
8.2	3128.99
8.3	3145.45
8.4	3162.49
8.5	3172.57
8.6	3175.71
8.7	3177.07
8.8	3170.16
8.9	3167.18
9	3165.41
9.1	3166.6
9.2	3167.26
9.3	3164.77
9.4	3163.64
9.5	3163.88
9.6	3161.1
9.7	3136.64
9.8	3135.17
9.9	3146.88
10	3150.84
10.1	3155.91
10.2	3160.76
10.3	3163.3
10.4	3163.97
10.5	3176.12
10.6	3195.87
10.7	3208.49
10.8	3208.25
10.9	3209.64
11	3209.44
11.1	3204.66
11.2	3197.93
11.3	3184.04
11.4	3181.03
11.5	3183.53
11.6	3185.32
11.7	3174
11.8	3159.99
11.9	3143.95
12	3135.75
12.1	3128.59
12.2	3123.9
12.3	3126.2
12.4	3137.86
12.5	3152.12
12.6	3162.39
12.7	3160.34
12.8	3163.53
12.9	3170.36
13	3175.65
13.1	3176.55
13.2	3178.62
13.3	3180.49
13.4	3182.22
13.5	3180.48
13.6	3173.15
13.7	3154.9
13.8	3151.28
13.9	3149.47
14	3149.26
14.1	3148.65
14.2	3153.77
14.3	3161.78
14.4	3173.84
14.5	3184.99
14.6	3203.47
14.7	3204.83
14.8	3182.44
14.9	3120.11
15	3076.47
15.1	3063.17
15.2	3057.41
15.3	3056.73
15.4	3060.64
15.5	3067.68
15.6	3075.78
15.7	3070.8
15.8	3067.54
15.9	3070.09
16	3077.47
16.1	3077.74
16.2	3079.67
16.3	3087.62
16.4	3103.56
16.5	3105.13
16.6	3108.32
16.7	3131.5
16.8	3145.85
16.9	3143.73
17	3143.58
17.1	3143.63
17.2	3153.67
17.3	3166.16
17.4	3173.73
17.5	3182.55
17.6	3214.47
17.7	3261.67
17.8	3263.21
17.9	3269.97
18	3263.48
18.1	3253.71
18.2	3245.78
18.3	3237.91
18.4	3231.75
18.5	3216.64
18.6	3188.08
18.7	3164.29
18.8	3136.62
18.9	3100.56
19	3079.39
19.1	3068.27
19.2	3059.5
19.3	3052.74
19.4	3045.7
19.5	3040.36
19.6	3035.66
19.8	3039.55
19.9	3044.89
20	3051.84
20.1	3064.06
20.2	3128.69
20.3	3147.82
20.4	3166.94
20.5	3184.12
20.6	3174.42
20.7	3160.95
20.8	3073.16
20.9	3034.16
21	3020.05
21.1	3010.55
21.2	3004.3
21.3	3002.21
21.4	3004.51
21.5	3011.4
21.6	3022.04
21.7	3045.9
21.8	3071.31
21.9	3096.46
22	3129.74
22.1	3135.8
22.2	3139.27
22.3	3127.69
22.4	3110.5
22.5	3101.14
22.6	3086.82
22.7	3069.6
22.8	3056.66
22.9	3044
23	3026.41
23.1	3007.43
23.2	2997.82
23.3	2982
23.4	2974.7
23.5	2975.52
23.6	2977.65
23.7	2975.49
23.8	2975.36
23.9	2981.32
24	2993.6
24.1	3007.48
24.2	3021.38
24.3	3035.29
24.4	3055.42
24.5	3086.13
24.6	3113.65
24.7	3125.39
24.8	3129.84
24.9	3123.08
25	3106.09
25.1	3090.56
25.2	3078.73
25.3	3061.43
25.4	3047.34
25.5	3041.46
25.6	3042.31
25.7	3043.47
25.8	3043.75
25.9	3043.45
26	3042.19
26.1	3037.34
26.2	3028.98
26.3	3020.42
26.4	3014.36
26.5	3014.43
26.6	3018.15
26.7	3022.41
26.8	3018.66
26.9	3021.87
27	3022.36
27.1	3021.53
27.2	3021.04
27.3	3017.96
27.4	3007.15
27.5	2990.24
27.6	2975.29
27.7	2955.1
27.8	2938.43
27.9	2930.72
28	2930.02
28.1	2930.81
28.2	2935.18
28.3	2940.93
28.4	2949.28
28.5	2960.98
28.6	2971.82
28.7	2970.46
28.8	2959.44
28.9	2943.83
29	2929.83
29.1	2917.25
29.2	2904.53
29.3	2896.83
29.4	2895.46
29.5	2894.81
29.7	2897.86
29.8	2904.69
29.9	2918.28
30	2933.96
30.1	2952.02
30.2	2969.91
30.3	2988.87
30.4	3007.35
30.5	3025.85
30.6	3044.36
30.7	3059.93
30.8	3073.78
30.9	3086.24
31	3098.73
31.1	3111.93
31.2	3126.09
31.3	3136.05
31.4	3144.5
31.5	3158.8
31.6	3163.05
31.7	3158.63
31.8	3121.24
31.9	3084.3
32	3048.71
32.1	3042.26
32.2	3035.99
32.3	3040.86
32.4	3036.74
32.5	3017.52
32.6	3001.36
32.7	2992.81
32.8	2982.68
32.9	2971.67
33.1	2913.78
33.2	2907.95
33.3	2901.11
33.4	2899.45
33.5	2904.59
33.6	2911.16
33.7	2923.71
33.8	2935.81
33.9	2945.59
34	2953.96
34.1	2963.65
34.2	2974.59
34.3	2979.33
34.4	2980.57
34.5	2981.98
34.6	2985.03
34.7	2988.71
34.8	2992.18
34.9	2984.85
35.1	2977.55
35.2	2982.1
35.3	2972.25
35.4	2962.81
35.5	2957.15
35.6	2954.15
35.7	2951.71
35.8	2952.17
35.9	2955.63
36	2969.22
36.1	2973.43
36.2	2976.37
36.3	2985.02
36.4	2995.32
36.5	2985.93
36.6	2979.61
36.7	2975.5
36.8	2971.41
36.9	2947.09
37	2919.75
37.1	2896.51
37.2	2881.55
37.3	2875.67
37.4	2872.52
37.5	2871.26
37.6	2870.65
37.7	2864.81
37.8	2853.02
37.9	2840.88
38	2832.73
38.1	2828.33
38.3	2832.86
38.4	2835.32
38.5	2835.66
38.6	2837.85
38.7	2819.14
38.8	2798.72
38.9	2784.66
39	2764.36
39.1	2748.01
39.2	2738.08
39.3	2733.175
39.4	2728.27
39.5	2727.05
39.6	2732.38
39.7	2739.87
39.8	2741.35
39.9	2745.95
40	2750
40.1	2749.84
40.2	2749.79
40.3	2742.96
40.4	2741.94
40.5	2748.45
40.6	2758.94
40.7	2758.16
40.8	2757.46
40.9	2741.96