0.	3233.16
6.3	3233.16
6.4	3229.4
6.500000000000001	3226.15
6.600000000000001	3221.79
6.700000000000002	3213.9199999999996
6.8000000000000025	3188.24
6.900000000000003	3182.62
7.0000000000000036	3191.05
7.100000000000004	3192.54
7.200000000000005	3188.2899999999995
7.300000000000005	3178.7999999999997
7.400000000000006	3168.289999999999
7.500000000000006	3153.6099999999997
7.600000000000007	3149.38
7.700000000000007	3151.3699999999994
7.800000000000008	3146.639999999999
7.900000000000008	3134.31
8.000000000000009	3132.4399999999996
8.100000000000009	3126.99
8.20000000000001	3128.9900000000016
8.300000000000011	3145.4500000000016
8.400000000000011	3162.4900000000007
8.50000000000001	3172.5700000000006
8.600000000000012	3175.71
8.700000000000014	3177.0699999999993
8.800000000000013	3170.1599999999994
8.900000000000013	3167.18
9.000000000000014	3165.41
9.100000000000016	3166.6
9.200000000000015	3167.2599999999998
9.300000000000015	3164.77
9.400000000000016	3163.64
9.500000000000018	3163.8799999999997
9.600000000000017	3161.0999999999954
9.700000000000017	3136.6399999999994
9.800000000000018	3135.1700000000023
9.90000000000002	3146.880000000001
10.00000000000002	3150.840000000001
10.10000000000002	3155.9100000000008
10.20000000000002	3160.7600000000007
10.300000000000022	3163.3
10.400000000000022	3163.9700000000025
10.500000000000021	3176.120000000004
10.600000000000023	3195.8700000000026
10.700000000000024	3208.49
10.800000000000024	3208.2500000000005
10.900000000000023	3209.64
11.000000000000025	3209.4399999999987
11.100000000000026	3204.659999999998
11.200000000000026	3197.929999999996
11.300000000000026	3184.039999999999
11.400000000000027	3181.0300000000007
11.500000000000028	3183.5300000000007
11.600000000000028	3156.796299999992
11.700000000000028	3128.2529999999933
11.80000000000003	3104.968999999996
11.90000000000003	3090.1831999999963
12.00000000000003	3078.336599999998
12.10000000000003	3070.6312999999996
12.200000000000031	3068.859600000001
12.300000000000033	3073.0412000000024
12.400000000000032	3080.2707000000014
12.500000000000032	3084.704699999999
12.600000000000033	3081.2081999999987
12.700000000000035	3077.3276
12.800000000000034	3077.599600000001
12.900000000000034	3080.043800000001
13.000000000000036	3082.0929000000006
13.100000000000037	3083.9624000000003
13.200000000000037	3084.9713
13.300000000000036	3085.5773
13.400000000000038	3086.078499999999
13.500000000000039	3083.5248999999967
13.600000000000039	3075.2161999999967
13.700000000000038	3067.596099999999
13.80000000000004	3064.1386000000007
13.900000000000041	3065.599500000004
14.00000000000004	3075.277200000006
14.10000000000004	3089.4936000000093
14.200000000000042	3112.9751000000124
14.300000000000043	3141.3101000000147
14.400000000000045	3173.840000000005
14.500000000000043	3184.9900000000075
14.600000000000044	3203.4700000000003
14.700000000000045	3204.8299999999895
14.800000000000047	3182.4399999999714
14.900000000000045	3120.1099999999806
15.000000000000046	3076.4699999999934
15.100000000000048	3063.1699999999973
15.200000000000049	3057.4099999999994
15.300000000000047	3056.730000000002
15.400000000000048	3060.640000000003
15.50000000000005	3067.680000000004
15.600000000000051	3075.7799999999975
15.700000000000049	3070.7999999999984
15.80000000000005	3067.5400000000013
15.900000000000052	3070.090000000004
16.000000000000053	3077.47
16.10000000000005	3077.7400000000007
16.200000000000053	3079.670000000004
16.300000000000054	3087.6200000000085
16.400000000000055	3103.560000000001
16.500000000000053	3105.130000000002
16.600000000000055	3108.3200000000124
16.700000000000056	3131.500000000008
16.800000000000058	3145.8499999999985
16.900000000000055	3143.73
17.000000000000057	3143.58
17.10000000000006	3143.630000000006
17.20000000000006	3153.670000000008
17.300000000000058	3166.160000000004
17.40000000000006	3173.7300000000055
17.50000000000006	3182.5500000000193
17.600000000000062	3214.4700000000284
17.70000000000006	3261.670000000001
17.80000000000006	3263.210000000004
17.900000000000063	3269.9699999999957
18.000000000000064	3263.4799999999937
18.100000000000062	3253.709999999995
18.200000000000063	3245.779999999995
18.300000000000065	3237.9099999999958
18.400000000000066	3231.74999999999
18.500000000000064	3216.6399999999817
18.600000000000065	3188.079999999985
18.700000000000067	3164.2899999999813
18.800000000000068	3136.6199999999753
18.900000000000066	3100.559999999986
19.000000000000068	3079.389999999992
19.10000000000007	3068.269999999994
19.20000000000007	3059.499999999995
19.300000000000068	3052.7399999999952
19.40000000000007	3045.699999999996
19.50000000000007	3040.359999999997
19.600000000000072	3035.660000000001
19.70000000000007	3037.6050000000014
19.80000000000007	3039.550000000004
19.900000000000073	3044.890000000005
20.000000000000075	3051.8400000000092
20.100000000000072	3064.060000000046
20.200000000000074	3128.690000000014
20.300000000000075	3147.8200000000143
20.400000000000077	3166.9400000000137
20.500000000000075	3184.1199999999926
20.600000000000076	3174.41999999999
20.700000000000077	3160.949999999931
20.80000000000008	3073.1599999999694
20.900000000000077	3034.159999999989
21.000000000000078	3020.049999999993
21.10000000000008	3010.549999999995
21.20000000000008	3004.2999999999984
21.30000000000008	3002.210000000002
21.40000000000008	3004.5100000000057
21.50000000000008	3011.4000000000087
21.600000000000083	3022.0400000000195
21.70000000000008	3045.900000000021
21.800000000000082	3071.3100000000204
21.900000000000084	3096.4600000000282
22.000000000000085	3129.740000000005
22.100000000000083	3135.800000000003
22.200000000000085	3139.26999999999
22.300000000000086	3127.6899999999855
22.400000000000087	3110.499999999992
22.50000000000009	3101.139999999987
22.600000000000087	3086.8199999999856
22.700000000000088	3069.5999999999885
22.80000000000009	3056.6599999999885
22.900000000000087	3043.9999999999845
23.00000000000009	3026.409999999983
23.10000000000009	3007.429999999991
23.20000000000009	2997.8199999999856
23.300000000000093	2981.999999999993
23.40000000000009	2974.7000000000007
23.500000000000092	2975.520000000002
23.600000000000094	2977.6499999999983
23.70000000000009	2975.49
23.800000000000093	2975.3600000000056
23.900000000000095	2981.320000000012
24.000000000000096	2993.600000000013
24.100000000000097	3007.480000000013
24.200000000000095	3021.3800000000133
24.300000000000097	3035.290000000019
24.400000000000098	3055.4200000000305
24.500000000000096	3086.1300000000265
24.600000000000097	3113.6500000000115
24.7000000000001	3125.3900000000044
24.8000000000001	3129.8399999999933
24.9000000000001	3123.0799999999826
25.0000000000001	3106.0899999999847
25.1000000000001	3090.559999999988
25.200000000000102	3078.7299999999823
25.3000000000001	3061.4299999999857
25.4000000000001	3047.3399999999942
25.500000000000103	3041.460000000001
25.600000000000104	3042.3100000000013
25.700000000000106	3043.4700000000003
25.800000000000104	3043.7499999999995
25.900000000000105	3043.4499999999985
26.000000000000107	3042.189999999995
26.100000000000104	3037.3399999999915
26.200000000000106	3028.979999999991
26.300000000000107	3020.4199999999937
26.40000000000011	3014.36
26.50000000000011	3014.430000000004
26.600000000000108	3018.1500000000046
26.70000000000011	3022.4099999999958
26.80000000000011	3018.6600000000035
26.90000000000011	3021.8700000000003
27.00000000000011	3022.359999999999
27.10000000000011	3021.5299999999997
27.200000000000113	3021.0399999999963
27.300000000000114	3017.9599999999878
27.400000000000112	3007.149999999981
27.500000000000114	2990.239999999983
27.600000000000115	2975.289999999977
27.700000000000113	2955.099999999981
27.800000000000114	2938.429999999991
27.900000000000116	2930.719999999999
28.000000000000117	2930.020000000001
28.10000000000012	2930.810000000005
28.200000000000117	2935.1800000000067
28.300000000000118	2940.93000000001
28.40000000000012	2949.2800000000143
28.500000000000117	2960.9800000000128
28.60000000000012	2971.8199999999983
28.70000000000012	2970.459999999987
28.80000000000012	2959.4399999999814
28.900000000000123	2943.8299999999826
29.00000000000012	2929.829999999985
29.100000000000122	2917.2499999999845
29.200000000000124	2904.5299999999907
29.30000000000012	2896.829999999998
29.400000000000123	2895.459999999999
29.500000000000124	2894.8100000000018
29.600000000000126	2896.335000000002
29.700000000000127	2897.8600000000088
29.800000000000125	2904.690000000017
29.900000000000126	2918.28000000002
30.000000000000128	2933.9600000000232
30.100000000000126	2952.0200000000223
30.200000000000127	2969.910000000024
30.30000000000013	2988.8700000000235
30.40000000000013	3007.350000000024
30.50000000000013	3025.8500000000245
30.60000000000013	3044.36000000002
30.70000000000013	3059.930000000018
30.800000000000132	3073.7800000000166
30.90000000000013	3086.240000000016
31.00000000000013	3098.7300000000173
31.100000000000133	3111.9300000000185
31.200000000000134	3126.090000000014
31.300000000000136	3136.0500000000116
31.400000000000134	3144.500000000019
31.500000000000135	3158.800000000006
31.600000000000136	3163.0499999999943
31.700000000000134	3158.6299999999496
31.800000000000136	3121.2399999999498
31.900000000000137	3084.299999999951
32.000000000000135	3048.7099999999914
32.100000000000136	3042.2599999999916
32.20000000000014	3035.990000000006
32.30000000000014	3040.859999999994
32.40000000000014	3036.7399999999725
32.500000000000135	3017.519999999978
32.600000000000136	3001.3599999999888
32.70000000000014	2992.8099999999863
32.80000000000014	2982.6799999999844
32.90000000000014	2971.669999999959
33.00000000000014	2942.724999999959
33.10000000000014	2913.779999999992
33.200000000000145	2907.9499999999903
33.30000000000014	2901.109999999998
33.40000000000014	2899.450000000007
33.50000000000014	2904.5900000000097
33.60000000000014	2911.1600000000176
33.700000000000145	2923.7100000000173
33.800000000000146	2922.8361999999756
33.90000000000015	2906.347899999985
34.00000000000015	2896.2089999999707
34.10000000000014	2876.6595999999845
34.200000000000145	2865.817999999992
34.300000000000146	2859.9118999999896
34.40000000000015	2852.8583000000035
34.50000000000015	2855.3553000000047
34.60000000000015	2858.3672999999962
34.70000000000015	2855.8585999999846
34.80000000000015	2845.478999999987
34.90000000000015	2837.3019999999947
35.00000000000015	2833.508299999949
35.10000000000015	2799.473899999969
35.20000000000015	2778.6651999999904
35.30000000000015	2772.3083999999953
35.400000000000155	2769.271199999973
35.500000000000156	2751.777099999986
35.60000000000016	2743.1693999999916
35.70000000000015	2737.677899999999
35.80000000000015	2737.190399999992
35.900000000000155	2732.2893999999887
36.000000000000156	2725.093999999989
36.10000000000016	2718.0504999999976
36.20000000000016	2716.5162999999943
36.30000000000016	2713.0818999999983
36.40000000000016	2712.048099999998
36.500000000000156	2710.8526999999926
36.60000000000016	2706.1062999999976
36.70000000000016	2704.5839999999907
36.80000000000016	2698.761099999995
36.90000000000016	2695.5715999999993
37.00000000000016	2694.954599999992
37.100000000000165	2689.807099999978
37.200000000000166	2676.3190999999924
37.30000000000016	2671.5562
37.40000000000016	2671.5346999999924
37.50000000000016	2666.764899999991
37.600000000000165	2661.3257999999882
37.700000000000166	2653.9772999999977
37.80000000000017	2652.559299999998
37.90000000000017	2651.4222999999884
38.00000000000017	2644.3699999999894
38.100000000000165	2638.1812999999925
38.200000000000166	2633.445499999993
38.30000000000017	2629.3404999999907
38.40000000000017	2623.947599999992
38.50000000000017	2619.0483999999915
38.60000000000017	2613.878899999983
38.70000000000017	2603.751199999985
38.80000000000017	2594.9502999999877
38.90000000000017	2587.839999999993
39.00000000000017	2583.625299999994
39.10000000000017	2579.9972000000002
39.20000000000017	2580.134199999989
39.300000000000175	2573.704899999957
39.400000000000176	2549.336900000016
39.50000000000017	2558.4807999999957
39.60000000000017	2556.1712
39.70000000000017	2556.2296000000033
39.800000000000175	2557.9792999999945
39.900000000000176	2554.9036000000015
40.00000000000018	2555.5486999999953
40.10000000000018	2552.8945000000012
40.20000000000018	2553.581699999996
40.30000000000018	2551.3412000000003
40.400000000000176	2551.693699999999
40.50000000000018	2551.233299999999
40.60000000000018	2550.6386
40.70000000000018	2550.7644000000046
40.80000000000018	2553.3315999999986
40.90000000000018	2552.715299999998
41.000000000000185	2551.673499999998
